0.549103
0.095032
0.679688
0.541687
0.909576
0.000488
0.007812
0.000061
0.005249
0.074951
0.046875
0.000732
0.909210
0.093933
0.703125
0.000061
-0.679688
0.000183
0.304688
0.000458
0.078125
0.000916
0.656250
0.001617
-0.617188
0.002594
0.265625
0.003296
0.109375
0.002991
-0.328125
0.001343
0.687500
0.006714
-0.421875
0.004608
0.187500
0.003937
-0.140625
0.005066
0.445312
0.007172
0.625000
0.001068
0.789062
0.001801
0.132812
0.001617
0.132812
0.000885
0.765625
0.007629
0.109375
0.006561
0.062500
0.006104
-0.156250
0.006531
-0.312500
0.007141
0.851562
0.007294
-0.210938
0.007294
0.109375
0.000061
-0.265625
0.000977
0.085938
0.001434
0.554688
0.001007
-0.335938
0.000061
-0.445312
0.007019
-0.781250
0.006531
-0.914062
0.006622
-0.117188
0.007202
0.968750
0.000122
-0.562500
0.000366
-0.851562
0.000214
-0.187500
0.000183
0.921875
0.000366
-0.710938
0.000458
-0.171875
0.000214
0.984375
0.007660
0.773438
0.007385
-0.492188
0.007355
0.406250
0.007141
-0.593750
0.006714
0.781250
0.006653
-0.804688
0.007294
-0.648438
0.000336
0.593750
0.000732
-0.656250
0.000641
0.617188
0.000305
-0.625000
0.000000
-0.367188
0.007446
0.679688
0.007080
-0.187500
0.006897
0.945312
0.007111
0.671875
0.007507
0.648438
0.000000
-0.320312
0.000122
0.445312
0.000305
0.898438
0.000610
-0.531250
0.000793
0.015625
0.000488
0.625000
0.007660
-0.796875
0.007263
-0.382812
0.007294
-0.460938
0.007538
0.187500
0.007660
0.500000
0.007782
-0.617188
0.000183
-0.312500
0.000366
-0.015625
0.000275
-0.960938
0.007751
0.953125
0.007446
0.429688
0.007416
0.960938
0.007568
-0.984375
0.007660
-0.890625
0.007751
0.085938
0.000092
0.273438
0.000153
-0.085938
0.007782
-0.921875
0.007568
-0.906250
0.007599
0.820312
0.000092
0.750000
0.000458
-0.250000
0.000580
-0.335938
0.000397
0.679688
0.000000
0.117188
0.007568
-0.148438
0.007446
0.093750
0.007324
0.148438
0.007263
-0.343750
0.007446
-0.117188
0.000031
-0.171875
0.000305
-0.046875
0.000366
0.757812
0.000244
-0.984375
0.000183
0.859375
0.000122
-0.140625
0.007751
0.453125
0.007507
-0.726562
0.007385
-0.125000
0.007568
0.468750
0.000153
-0.585938
0.000397
-0.085938
0.000366
0.539062
0.000244
0.718750
0.000214
0.218750
0.000000
-0.210938
0.007446
-0.210938
0.007202
-0.890625
0.007294
0.859375
0.007568
-0.593750
0.000061
-0.210938
0.000214
-0.789062
0.000214
0.898438
0.000275
-0.750000
0.000336
0.312500
0.000244
0.515625
0.000031
-0.578125
0.007629
0.648438
0.007599
0.515625
0.007629
0.843750
0.007568
-0.101562
0.007568
-0.304688
0.007782
-0.953125
0.000244
-0.484375
0.000366
-0.234375
0.000244
-0.789062
0.000061
0.375000
0.000000
-0.875000
0.000000
0.171875
0.007751
-0.539062
0.007599
-0.562500
0.007538
0.406250
0.007629
-0.773438
0.000000
-0.015625
0.000061
0.054688
0.000092
0.242188
0.000183
0.609375
0.000214
-0.210938
0.000153
0.750000
0.007751
0.218750
0.007568
0.890625
0.007568
-0.335938
0.007690
-0.226562
0.007782
0.890625
0.000031
0.429688
0.000092
0.703125
0.000244
0.820312
0.000397
-0.421875
0.000366
0.250000
0.000214
0.140625
0.000061
-0.835938
0.007782
0.875000
0.007721
-0.945312
0.007660
0.750000
0.007690
0.742188
0.007751
0.757812
0.000031
0.179688
0.000061
-0.312500
0.000092
0.507812
0.000061
0.804688
0.000092
0.203125
0.000092
0.242188
0.000031
-0.945312
0.007721
-0.148438
0.007599
0.750000
0.007599
0.734375
0.007629
0.054688
0.007690
0.882812
0.007751
0.296875
0.000031
-0.851562
0.000122
-0.546875
0.000153
0.031250
0.000092
-0.562500
0.000000
-1.000000
0.007751
-0.156250
0.007721
0.937500
0.007690
-0.601562
0.007690
-0.429688
0.007690
0.062500
0.007721
0.070312
0.007690
-0.960938
0.007690
0.382812
0.007751
0.203125
0.007782
0.015625
0.007721
0.343750
0.007660
-0.468750
0.007599
-0.695312
0.007660
-0.773438
0.007751
0.468750
0.000092
0.617188
0.000183
-0.375000
0.000275
-0.375000
0.000275
-0.679688
0.000183
-0.648438
0.000031
-0.296875
0.007721
-0.960938
0.007629
-0.273438
0.007629
0.117188
0.007660
-0.750000
0.007690
-0.015625
0.007782
-0.273438
0.000061
-0.429688
0.000092
0.125000
0.000092
-0.976562
0.000061
-0.257812
0.000061
-0.500000
0.000061
0.289062
0.007751
0.500000
0.007629
0.578125
0.007660
0.640625
0.007721
0.593750
0.007721
0.164062
0.007660
0.421875
0.007660
-0.679688
0.007751
-0.156250
0.000000
0.171875
0.000000
-0.570312
0.000031
0.960938
0.000061
-0.453125
0.000061
0.351562
0.000031
-0.601562
0.007782
-0.140625
0.007751
-0.539062
0.000000
0.914062
0.000092
0.031250
0.000153
-0.914062
0.000183
0.515625
0.000153
0.468750
0.000122
-0.414062
0.000031
-0.273438
0.000000
0.945312
0.000031
-0.070312
0.000092
0.382812
0.000092
0.585938
0.000031
0.164062
0.007782
0.523438
0.007751
0.265625
0.007751
0.453125
0.007751
0.375000
0.007782
-0.195312
0.000000
-0.562500
0.000000
0.820312
0.007782
0.765625
0.007751
-0.179688
0.000000
-0.359375
