-0.007080
0.021790
0.125427
0.244080
0.435577
0.700348
0.893860
0.818085
0.397003
-0.246826
-0.805939
-0.988556
-0.706451
-0.168335
0.270233
0.457550
0.418915
0.223175
-0.053894
-0.330627
-0.444061
-0.337921
-0.186035
-0.155029
-0.149780
-0.000610
0.242218
0.362701
0.252960
0.015411
-0.206848
-0.334198
-0.317657
-0.159912
0.024231
0.085327
0.044983
0.043701
0.099884
0.114960
0.053314
-0.044342
-0.107605
-0.119568
-0.173096
-0.288116
-0.304138
-0.135315
0.081818
0.187347
0.160339
0.081970
0.004456
-0.088287
-0.190338
-0.232666
-0.181824
-0.079010
-0.001099
0.032471
0.077942
0.165527
0.211975
0.131775
-0.026550
-0.133301
-0.122162
-0.066742
-0.034363
-0.001434
0.055328
0.101685
0.081451
-0.008820
-0.091339
-0.099762
-0.061432
-0.035461
-0.013550
0.026001
0.041138
-0.007202
-0.064911
-0.056091
0.026154
0.121124
0.154968
0.104797
0.010712
-0.058533
-0.090424
-0.121643
-0.141479
-0.094696
0.004944
0.081970
0.092010
0.068390
0.051636
0.035065
-0.006866
-0.072235
-0.111053
-0.067566
0.035309
0.096924
0.085663
0.061615
0.048065
-0.006866
-0.099121
-0.149017
-0.116547
-0.031647
0.050415
0.088531
0.084930
0.079010
0.074615
0.036041
-0.040283
-0.094086
-0.087036
-0.064697
-0.062836
-0.049622
0.015106
0.088440
0.104034
0.058411
0.004333
-0.017853
-0.019409
-0.032990
-0.062988
-0.065674
-0.025085
0.019257
0.033478
0.036835
0.053406
0.056763
0.022034
-0.034119
-0.071960
-0.064819
-0.033020
-0.008728
0.005188
0.028320
0.074677
0.109833
0.091736
0.045135
0.010986
-0.008575
-0.023651
-0.031586
-0.016418
0.009155
0.027740
0.036804
0.030396
0.018127
0.016174
0.016144
-0.005463
-0.043427
-0.060974
-0.050842
-0.030884
-0.010712
0.009918
0.030762
0.042114
0.035248
0.014099
-0.010284
-0.025635
-0.030243
-0.032013
-0.031830
-0.025818
-0.023285
-0.028503
-0.029358
-0.021820
-0.011993
-0.015747
-0.030182
-0.035553
-0.024506
-0.000916
0.025970
0.050323
0.067474
0.070587
0.055634
0.020813
-0.018829
-0.049835
-0.064270
-0.063721
-0.051788
-0.025848
0.009521
0.037384
0.042419
0.037628
0.040619
0.038788
0.011230
-0.024200
-0.024414
-0.002869
-0.001526
-0.016449
-0.021729
-0.010345
-0.008728
-0.025146
-0.035309
-0.026276
-0.004639
0.014893
0.021118
0.023926
0.035553
0.050262
0.054565
0.040710
0.020905
0.005615
-0.001587
0.004059
0.023865
0.038361
0.035370
0.021423
0.000854
-0.016296
-0.022522
-0.022034
-0.015594
-0.005615
-0.000153
-0.002563
-0.003357
0.015747
0.040619
0.047607
0.036743
0.028625
0.031250
0.036072
0.027893
0.017792
0.030121
0.047882
0.044586
0.029358
0.026794
0.033966
0.024902
-0.004181
-0.020966
-0.012695
-0.000916
-0.002136
-0.006958
-0.001587
0.017822
0.026154
0.010651
-0.000885
0.000946
-0.000732
-0.021027
-0.043243
-0.038025
-0.010590
0.010315
0.015594
0.020996
0.036438
0.051392
0.051971
0.041138
0.032593
0.026764
0.013733
-0.008850
-0.023987
-0.012878
0.008575
0.010010
0.001770
0.004456
0.014923
0.019836
0.009979
-0.007782
-0.018402
-0.017944
-0.024139
-0.040649
-0.048218
-0.036591
-0.021881
-0.022247
-0.024597
-0.011932
0.001099
-0.003540
-0.013123
-0.015259
-0.013275
-0.019562
-0.031952
-0.031616
-0.018219
-0.004150
-0.000305
-0.005432
-0.010956
-0.012787
-0.005219
0.001343
0.003296
0.008911
0.019714
0.025055
0.012421
-0.006470
-0.012665
-0.008575
-0.012390
-0.028931
-0.038513
-0.029846
-0.015045
-0.006897
-0.002655
0.012665
0.030884
0.033966
0.022491
0.008911
0.004883
0.002380
-0.007874
-0.021301
-0.030182
-0.025879
-0.011505
0.006592
0.021454
0.028564
0.031860
0.029358
0.017944
0.006012
-0.003662
-0.009094
-0.006653
0.001465
0.009430
0.014648
0.015533
0.006348
-0.008362
-0.019531
-0.024689
-0.026276
-0.025146
-0.017151
-0.003723
0.006744
0.007477
0.012878
0.025970
0.039246
0.037964
0.021423
0.005890
-0.002838
-0.010986
-0.021210
-0.021729
-0.007629
0.016602
0.033051
0.032074
0.024597
0.019836
0.017181
0.012299
0.006287
0.005676
0.008667
0.010498
0.007050
0.002625
0.001068
-0.001221
-0.002014
-0.004242
-0.003967
-0.000549
0.002167
-0.000641
-0.009491
-0.011169
-0.005890
-0.000885
0.005157
0.013702
0.014069
0.009705
0.014679
0.020813
0.013428
-0.003448
-0.015564
-0.021240
-0.020386
-0.013428
-0.004486
0.003662
0.011169
0.013153
0.011169
0.008392
0.007935
0.011566
0.011078
0.001709
-0.003845
0.001251
0.008087
0.009674
0.007294
0.009430
0.010376
-0.002350
-0.021698
-0.027435
-0.018555
-0.002991
0.009033
0.012543
0.017456
0.022278
0.018768
0.009308
-0.000702
-0.009491
-0.013184
-0.013336
-0.012604
-0.012024
-0.008667
-0.006927
-0.006287
-0.004211
-0.002441
0.000824
0.000305
-0.003204
-0.001831
0.002014
0.005951
0.006775
0.000885
-0.003387
-0.004089
-0.005493
-0.009094
-0.013428
-0.012970
-0.012543
-0.013977
-0.015137
-0.012115
-0.008911
-0.009094
-0.012329
-0.012726
-0.007355
-0.003021
-0.003601
-0.007446
-0.009460
-0.007660
-0.005829
-0.006866
-0.008820
-0.009125
-0.009155
-0.009552
-0.008820
-0.006958
-0.004730
-0.004425
-0.005737
-0.006927
-0.006653
-0.006409
-0.006866
-0.007263
-0.007111
-0.007080
-0.000031
