0.549103
0.048096
0.679688
0.541687
0.909576
0.000488
0.007812
0.000031
0.005707
0.394531
0.023438
0.000732
0.909210
0.046967
-0.359375
-0.874969
-0.265503
0.531433
-0.624481
0.657166
0.220581
0.917267
-0.832184
-0.215027
0.144318
-0.683716
-0.183868
-0.816467
0.182831
-0.195526
0.754974
0.824554
0.660431
0.957458
-0.128601
-0.894104
0.879730
0.716248
-0.392548
-0.056183
-0.719818
0.077271
-0.032440
0.372833
0.817352
0.294006
-0.666077
-0.134125
0.498627
-0.306488
-0.931824
0.615173
-0.095428
0.092651
0.655975
-0.648010
-0.179321
-0.649170
0.615051
0.973785
-0.260071
-0.649750
0.256958
0.084961
-0.305725
-0.875885
0.889496
0.146362
-0.487427
-0.940674
-0.971252
0.732513
-0.494080
0.841522
0.849487
0.553467
-0.851837
-0.078033
-0.500214
-0.086548
-0.594513
0.382019
0.264526
0.662598
-0.126282
0.554382
-0.803833
-0.139282
-0.795868
-0.796387
0.062866
0.641235
-0.014862
-0.280701
-0.023346
-0.750275
-0.531616
-0.359711
0.890228
0.429321
-0.453247
-0.835602
-0.030640
0.633301
0.398590
-0.351562
-0.140503
-0.390320
0.242554
-0.452759
-0.999359
-0.319153
0.728119
0.446716
0.578979
0.851898
-0.359222
-0.413940
0.945312
-0.031372
-0.070343
0.133087
0.555328
0.524200
0.188232
0.367981
0.446320
-0.936310
-0.319183
0.250885
0.946045
0.391388
-0.952271
-0.194489
-0.030579
0.258301
0.898895
-0.749451
0.641296
-0.921112
0.016541
0.376099
0.563812
0.001404
-0.350281
-0.194244
0.282135
0.133759
-0.170776
-0.514435
0.313599
-0.811584
0.930450
0.078827
0.539764
-0.022797
-0.725983
-0.968231
0.211487
0.672455
0.086487
0.742706
-0.577576
0.805389
-0.639832
-0.061798
-0.538696
0.421936
0.820282
0.093811
-0.218567
-0.757629
0.484558
0.687775
-0.210510
-0.140137
-0.694916
-0.788757
0.640930
-0.249603
-0.960510
-0.234100
0.953125
-0.625244
0.421600
0.265381
-0.250183
-0.656342
-0.742126
0.633057
-0.171600
-0.195221
0.585846
-0.679840
0.304565
0.171722
0.288757
-0.492584
-0.023773
0.749786
0.765381
-0.656647
-0.820892
-0.930267
-0.789551
0.085510
-0.406677
0.015198
0.460632
0.906189
-0.398376
-0.078125
-0.179810
-0.679901
0.710754
-0.515839
0.741882
0.726135
0.616760
-0.469055
-0.672058
-0.211029
-0.320374
0.132812
-0.140503
0.945526
-0.874756
-0.968506
0.648712
0.336304
0.234863
0.891174
-0.046417
-0.843445
0.507996
-0.656128
-0.109283
0.343811
-0.367157
0.921906
0.804779
-0.077972
0.750214
0.125244
0.742493
-0.476135
0.133362
0.414703
0.125641
-0.647766
0.961639
0.656952
0.781921
-0.679108
0.422394
0.664551
0.539551
-0.132355
0.398895
0.914551
0.203705
0.985016
-0.593140
0.250488
-0.030853
0.789398
-0.882507
-0.570007
0.039368
0.664429
-0.194916
0.172272
0.492554
0.789398
0.273712
-0.991943
-0.929474
-0.507629
0.250183
-0.202972
-0.804535
-0.476440
0.132935
0.828247
-0.843597
0.500214
-0.538727
-0.319824
0.656860
-0.397736
-0.382111
-0.733704
-0.100891
0.141296
0.969421
0.672485
-0.577576
-0.069824
-0.390259
-0.171600
0.531433
0.921997
0.289154
0.937531
-0.171997
0.991882
0.976105
-0.203644
0.718262
-0.976959
-0.375305
-0.367371
0.890533
-0.773529
0.288849
0.226166
0.233856
-0.094269
0.296356
-0.789612
0.944733
-0.133362
-0.453583
0.710602
0.077881
-0.414276
-0.922089
-0.211182
0.538757
-0.094177
-0.266144
0.327637
0.835632
-0.976654
0.289093
0.429688
-0.132904
0.671661
-0.867462
0.827789
-0.383148
0.429352
0.484039
0.866852
-0.562927
-0.437988
0.319794
0.991699
-0.414520
-0.539520
-0.727051
0.843201
-0.398987
0.804108
-0.766205
-0.320892
-0.422455
-0.086487
0.608856
0.124481
0.124481
-0.273956
-0.852142
-0.399109
0.022675
0.577332
-0.946075
0.796143
-0.867828
0.132294
-0.250336
-0.836151
-0.640778
0.156067
0.343536
-0.719025
-0.547211
-0.250397
0.272949
-0.477081
0.741699
0.569916
-0.844086
0.695038
-0.843994
0.491974
-0.125153
-0.953247
-0.172028
-0.289246
0.226379
0.281036
0.702911
-0.383087
-0.226898
0.054352
-0.765900
-0.968933
0.148346
0.015564
0.890564
0.335846
0.976379
-0.273743
-0.625427
-0.813049
-0.047485
0.202515
-0.547455
0.304199
-0.547272
-0.414337
-0.695465
-0.234467
-0.867279
-0.961029
-0.125000
-0.226379
-0.640259
0.945801
-0.874512
0.219147
-0.030975
-0.570129
-0.460785
0.203339
-0.921600
-0.030945
-0.179413
0.679901
-0.367065
0.476593
0.015686
-0.874817
0.648773
-0.647980
-0.601074
0.101959
-0.655945
0.140839
-0.663971
0.890656
-0.820312
0.914124
0.726715
0.711151
-0.515442
-0.367035
0.398621
-0.765289
-0.476074
0.133392
-0.350983
0.344330
0.773987
0.391113
-0.288635
0.226959
-0.116821
0.117554
-0.515259
-0.609070
0.187714
0.922058
-0.827911
-0.835724
-0.156036
-0.179535
-0.421753
0.742340
-0.609192
0.945496
0.797028
-0.359192
-0.960663
0.148773
0.398804
-0.866821
0.289429
0.703491
0.961243
-0.906036
0.781464
0.906494
-0.937164
-0.491760
-0.554291
-0.812164
0.781494
0.648590
0.054749
-0.679718
-0.890717
0.804596
-0.609467
-0.562592
-0.367310
0.632690
-0.078186
0.804718
-0.656128
0.570435
-0.531158
-0.953094
-0.914124
-0.523590
0.734161
-0.484558
-0.234406
0.757935
0.664276
-0.312286
-0.117035
