0.549103
0.048096
0.679688
0.541687
0.909576
0.000488
0.007812
0.000031
0.005707
0.394531
0.023438
0.000732
0.909210
0.046967
-0.843750
-0.695282
-0.296783
-0.179474
-0.460480
0.282227
-0.240448
-0.809540
-0.746185
-0.699310
-0.871185
-0.293030
0.988190
-0.691467
-0.480560
0.769470
-0.183685
-0.988342
-0.293457
-0.716278
-0.717224
-0.015137
-0.367401
0.031219
-0.835083
0.329956
-0.560272
-0.365143
-0.943695
-0.037994
0.922150
0.256866
0.099335
-0.885925
0.207794
-0.791504
-0.204773
-0.235504
0.147675
-0.867371
0.359924
-0.639648
0.664581
-0.617950
-0.681915
-0.136047
0.152649
0.207458
0.535980
-0.150970
-0.619080
-0.157623
-0.805939
-0.728210
-0.815002
-0.815948
-0.355347
0.066620
0.785339
-0.081848
-0.363068
-0.910034
0.644928
-0.885651
0.348694
0.176300
0.886871
-0.792877
0.574432
-0.980286
-0.917786
-0.449005
0.410309
0.036163
-0.978333
0.506348
-0.399750
-0.477814
-0.727936
-0.900543
0.535706
-0.495972
0.840027
0.637482
-0.017975
0.700775
0.067810
-0.471191
-0.830261
0.880829
0.724304
0.513123
0.880524
-0.939026
0.491302
0.788300
-0.087036
-0.157532
0.530334
-0.867615
0.335571
0.710114
-0.282440
-0.813629
-0.141449
0.889984
-0.016296
0.476044
0.718750
0.797455
0.094543
-0.343170
0.812836
0.555115
0.039764
0.274109
0.031494
-0.609619
0.023102
-0.109375
-0.280975
0.953430
-0.921661
-0.507538
0.094238
-0.804138
-0.593384
-0.851471
0.460938
0.007935
-0.491882
-0.874573
-0.671326
0.242889
0.641571
0.704254
-0.740997
0.360535
0.548035
0.055969
-0.592346
-0.029816
-0.522064
0.868500
0.485687
-0.350189
0.329529
0.766998
-0.865845
-0.936157
0.602936
-0.592346
-0.787689
0.196655
-0.483032
0.813934
-0.428162
0.845337
0.923492
-0.076538
-0.248474
0.642059
-0.998688
0.649689
0.352814
0.173126
-0.264404
-0.748840
-0.983246
0.524506
-0.186462
-0.827118
0.235352
0.079071
-0.944336
0.274567
-0.733093
0.470184
-0.240692
-0.850006
0.220276
0.298279
0.470032
0.876221
0.923126
-0.358093
0.040283
0.313629
-0.842712
-0.334900
0.649506
-0.233337
-0.584930
-0.639648
-0.092743
0.188507
-0.163147
0.516418
0.047607
-0.124237
-0.264801
-0.186615
0.922821
-0.624084
0.571167
0.352356
-0.389923
-0.686829
-0.772766
-0.233704
0.508484
-0.686859
0.977173
-0.296265
-0.952515
-0.382141
-0.124329
0.406860
0.750488
-0.585571
0.469025
0.156494
0.984619
-0.984039
-0.390228
-0.944916
-0.241852
0.500305
0.719055
-0.718414
0.023743
0.117462
0.140869
0.656494
-0.421631
0.156525
-0.835602
-0.601166
0.812927
-0.804321
0.468933
-0.023499
0.077881
-0.625275
0.296631
-0.156433
-0.039154
-0.578094
-0.695099
0.015991
-0.866791
0.547272
0.789520
-0.030701
0.406891
0.164703
0.203705
-0.733795
0.524048
-0.382202
-0.061951
-0.819824
0.594269
-0.015076
-0.327576
0.906708
-0.210602
0.047180
-0.444977
-0.913727
-0.015350
0.289276
0.914246
0.976807
0.304993
-0.218445
-0.874695
0.875366
0.797394
0.133392
0.922455
0.172424
-0.241608
-0.936829
-0.694580
0.063171
0.203735
0.164673
0.227173
-0.015015
0.445892
-0.936981
-0.671387
0.406738
0.367676
-0.335541
0.156586
-0.648132
0.406555
-0.468475
-0.241943
-0.796600
-0.155975
0.101837
-0.476318
0.820496
-0.406067
-0.577972
-0.046753
0.062592
0.414124
-0.320251
-0.585846
-0.312378
0.054810
-0.492065
-0.171692
-0.241943
-0.054443
-0.296661
-0.335724
-0.616974
0.968964
-0.898254
-0.374908
-0.546814
0.718842
-0.593628
-0.781128
0.429810
0.382965
-0.476379
0.195465
0.421967
-0.671875
-0.492249
0.742004
0.140350
0.280914
-0.969116
0.179321
-0.664490
0.569794
0.358795
0.663513
0.397919
0.616669
0.921356
0.226105
0.155853
0.382446
-0.586334
-0.180084
0.984039
-0.078339
0.031097
0.609192
0.890381
-0.234650
0.757568
0.562286
-0.258057
-0.023743
-0.640930
-0.922180
-0.101868
0.132477
-0.109772
0.148041
0.210571
-0.867493
0.976227
-0.187836
0.952759
0.413666
0.726074
0.975983
0.514984
0.382202
-0.406799
-0.570801
0.882355
-0.172333
-0.719238
-0.242706
-0.359985
-0.289734
0.264923
-0.305359
0.858704
0.413391
-0.953796
-0.977234
0.241577
0.929138
-0.195770
-0.086395
0.327667
-0.930145
0.788605
-0.805176
0.718201
-0.242798
-0.953766
0.186859
0.600922
0.350891
-0.102234
0.077484
-0.953766
-0.070984
0.483673
-0.758575
-0.180481
-0.953918
0.452332
0.733612
0.054016
0.968170
0.546387
-0.922333
0.882324
-0.531769
-0.227081
0.882294
-0.195801
-0.953552
0.491821
0.280914
0.749634
-0.539459
-0.250458
-0.234833
-0.805145
-0.133240
-0.953552
-0.734802
0.515198
0.687073
0.101135
0.569885
-0.734741
-0.562866
-0.859772
0.843292
-0.273926
0.108917
-0.266052
-0.180054
0.476227
-0.890930
-0.164337
-0.554901
0.867035
0.328033
0.695282
-0.695251
0.867340
-0.062286
-0.984100
0.437775
-0.265350
0.976837
0.031494
-0.937256
-0.874756
0.476807
-0.663788
-0.726288
-0.187195
0.883118
-0.101257
-0.609039
0.234741
0.945709
0.461365
-0.585510
0.101990
0.539490
-0.687073
-0.507416
0.422272
0.180084
0.992584
-0.991791
-0.999603
0.601959
-0.718414
-0.718475
-0.124786
0.781433
-0.921722
0.625153
0.867279
-0.570251
-0.460876
-0.820221
-0.335846
-0.304626
