0.014221
0.026245
0.059296
0.124084
0.254425
0.452972
0.762421
0.983246
0.984253
0.982300
0.985199
0.981476
0.986145
0.980286
0.987396
0.979034
0.988525
0.881561
0.635925
0.393707
0.127808
-0.047119
-0.003479
0.220825
0.469330
0.571533
0.530212
0.421783
0.280060
0.071381
-0.234863
-0.568817
-0.791962
-0.797455
-0.624603
-0.418976
-0.283234
-0.189667
-0.044006
0.146637
0.251862
0.136810
-0.192169
-0.567261
-0.827240
-0.915588
-0.883575
-0.786926
-0.643372
-0.482391
-0.346191
-0.320068
-0.419983
-0.637024
-0.882080
-0.966705
-0.943604
-0.950317
-0.952972
-0.941467
-0.964508
-0.891083
-0.723969
-0.727753
-0.861542
-0.953278
-0.974823
-0.944794
-0.951080
-0.947876
-0.944855
-0.957581
-0.736053
-0.446411
-0.368286
-0.333649
-0.320190
-0.345123
-0.535461
-0.856201
-0.966064
-0.951599
-0.799591
-0.594513
-0.595856
-0.638336
-0.617676
-0.542328
-0.504608
-0.575500
-0.634308
-0.578644
-0.389252
-0.218872
-0.193237
-0.280762
-0.325989
-0.230469
-0.102570
-0.088409
-0.203247
-0.301727
-0.285248
-0.203888
-0.160706
-0.167175
-0.128784
0.000946
0.151428
0.206268
0.151123
0.091156
0.113647
0.182220
0.179016
0.067566
-0.057037
-0.078278
0.000702
0.075348
0.080200
0.055969
0.074921
0.125916
0.143188
0.094879
0.027313
0.002258
0.031799
0.079407
0.114960
0.143677
0.185608
0.243805
0.292847
0.306763
0.297119
0.299652
0.329620
0.363251
0.371857
0.354218
0.337036
0.338745
0.353485
0.362030
0.358398
0.348633
0.346863
0.354736
0.362549
0.358887
0.349884
0.351349
0.371918
0.396484
0.410767
0.415436
0.413422
0.398041
0.369019
0.340637
0.326843
0.323700
0.320557
0.314514
0.304291
0.290131
0.275085
0.266846
0.262543
0.256195
0.248840
0.257660
0.289062
0.332458
0.367828
0.390320
0.399933
0.392639
0.366333
0.333466
0.316650
0.321808
0.329803
0.318207
0.290527
0.270752
0.270172
0.274384
0.268921
0.258514
0.257324
0.264313
0.261536
0.239838
0.210724
0.194183
0.197906
0.214752
0.233582
0.244598
0.242157
0.225464
0.204132
0.187134
0.178741
0.174652
0.173584
0.171875
0.169250
0.162689
0.158539
0.162872
0.172516
0.174774
0.158966
0.129395
0.098663
0.075104
0.064667
0.069519
0.086823
0.101807
0.103058
0.091858
0.083221
0.083618
0.087708
0.083984
0.074432
0.065491
0.063538
0.067749
0.076172
0.090424
0.105835
0.112946
0.095703
0.049103
-0.010010
-0.055115
-0.068939
-0.060394
-0.043945
-0.021301
0.014587
0.060181
0.094940
0.106293
0.105835
0.117493
0.145508
0.167969
0.167236
0.154144
0.149231
0.156647
0.158356
0.145874
0.131134
0.133728
0.147400
0.148071
0.123016
0.090790
0.078247
0.086395
0.091095
0.075928
0.055450
0.052643
0.068878
0.081848
0.080536
0.079254
0.098846
0.133606
0.155457
0.154144
0.145569
0.155151
0.176849
0.188446
0.178619
0.162079
0.157166
0.162140
0.162140
0.149078
0.134369
0.129700
0.131836
0.125366
0.108490
0.091095
0.083496
0.080017
0.074615
0.069183
0.071259
0.076996
0.076294
0.065491
0.053253
0.046906
0.044312
0.037262
0.025543
0.016693
0.019836
0.030396
0.037262
0.036377
0.036591
0.047272
0.063324
0.069305
0.062378
0.055328
0.058289
0.061127
0.050995
0.031097
0.020447
0.025299
0.033936
0.036255
0.037140
0.043762
0.050690
0.045258
0.028717
0.006866
-0.013550
-0.039429
-0.065613
-0.082916
-0.086761
-0.091431
-0.108734
-0.131104
-0.141418
-0.135559
-0.127441
-0.126556
-0.125488
-0.114349
-0.097778
-0.089844
-0.094696
-0.096222
-0.081055
-0.053589
-0.035217
-0.039093
-0.054779
-0.062592
-0.057190
-0.052704
-0.060760
-0.074127
-0.078033
-0.072296
-0.072479
-0.085022
-0.098785
-0.098999
-0.086823
-0.077881
-0.079407
-0.085449
-0.089050
-0.097412
-0.117615
-0.144318
-0.159180
-0.153381
-0.134552
-0.120026
-0.114105
-0.114410
-0.117889
-0.129150
-0.148804
-0.166809
-0.174744
-0.170441
-0.164795
-0.166168
-0.171387
-0.170074
-0.155151
-0.133606
-0.116364
-0.109955
-0.109894
-0.110687
-0.113281
-0.122406
-0.137146
-0.150299
-0.156799
-0.159119
-0.163513
-0.168304
-0.167419
-0.160706
-0.157593
-0.165100
-0.179596
-0.191284
-0.196838
-0.199615
-0.199921
-0.192291
-0.171204
-0.144684
-0.123291
-0.116547
-0.120270
-0.127319
-0.131042
-0.128906
-0.120331
-0.106995
-0.093384
-0.085693
-0.089783
-0.101501
-0.113098
-0.114990
-0.109955
-0.104279
-0.102966
-0.103333
-0.103271
-0.104584
-0.105530
-0.101807
-0.093628
-0.090302
-0.098175
-0.112274
-0.119385
-0.113983
-0.101807
-0.091064
-0.083069
-0.073730
-0.062531
-0.050140
-0.037476
-0.022736
-0.002136
0.020966
0.043182
0.059875
0.071381
0.076874
0.076630
0.071259
0.065918
0.063477
0.063965
0.066986
0.071655
0.076050
0.079010
0.080261
0.083801
0.090271
0.098969
0.106415
0.111694
0.115479
0.116913
0.115295
0.111511
0.108917
0.108978
0.108490
0.106354
0.104767
0.105774
0.104767
0.093628
0.074036
0.056091
0.047455
0.044891
0.039093
0.027893
0.019073
0.019318
0.026367
0.028107
0.022491
0.014832
0.012451
0.012787
0.009308
0.002136
-0.003784
-0.003174
0.000153
0.000916
-0.001404
-0.002380
0.000031
0.003601
0.006409
0.009491
