0.012695
0.038330
0.048218
0.135193
0.239807
0.474091
0.826599
0.961456
0.954712
0.946869
0.969727
0.930420
0.988525
0.811768
-0.048187
-0.725830
-0.906952
-0.925293
-0.888855
-0.919647
-0.886566
-0.783142
-0.633698
-0.490265
-0.379883
-0.267853
-0.218109
-0.304016
-0.553436
-0.757141
-0.728790
-0.512726
-0.331604
-0.344849
-0.459961
-0.540802
-0.515228
-0.424500
-0.273682
-0.065857
0.111084
0.096924
-0.183990
-0.545959
-0.710022
-0.574615
-0.332581
-0.218414
-0.244995
-0.262054
-0.225586
-0.289032
-0.526642
-0.774261
-0.808167
-0.634186
-0.473450
-0.478363
-0.564240
-0.526215
-0.312347
-0.067139
0.026184
-0.047485
-0.153442
-0.190247
-0.200867
-0.274933
-0.369965
-0.323456
-0.071228
0.224518
0.347351
0.262268
0.127228
0.097473
0.160400
0.200348
0.142700
0.024597
-0.065643
-0.087067
-0.081970
-0.094238
-0.092041
-0.025238
0.090607
0.162933
0.130981
0.045563
0.004700
0.036621
0.083557
0.096252
0.100342
0.167908
0.300354
0.399750
0.366608
0.224823
0.093353
0.044952
0.036682
0.006989
-0.026703
-0.006073
0.077606
0.166046
0.200592
0.194824
0.207520
0.260773
0.308075
0.294281
0.233002
0.189606
0.199371
0.224945
0.216980
0.173004
0.130981
0.123962
0.146179
0.174530
0.200470
0.234650
0.285553
0.338135
0.361145
0.333405
0.274475
0.232758
0.242981
0.285187
0.309937
0.287048
0.237030
0.198761
0.187469
0.184265
0.170837
0.148773
0.138824
0.145691
0.153961
0.146729
0.136536
0.146362
0.180237
0.205750
0.180420
0.101044
0.019562
-0.007568
0.021454
0.053040
0.054169
0.049683
0.075806
0.116913
0.131287
0.107605
0.079132
0.079742
0.105011
0.113739
0.074158
0.000549
-0.056580
-0.069580
-0.055054
-0.042358
-0.023315
0.019745
0.067535
0.075378
0.030121
-0.023376
-0.037567
-0.027863
-0.036713
-0.071991
-0.096344
-0.081787
-0.053802
-0.055725
-0.097748
-0.140930
-0.146515
-0.122345
-0.104858
-0.107574
-0.105957
-0.071625
-0.013336
0.020966
0.006989
-0.029633
-0.047241
-0.045654
-0.049896
-0.075958
-0.103455
-0.103455
-0.073456
-0.040192
-0.022156
-0.011169
0.006561
0.035431
0.059570
0.068756
0.067657
0.074402
0.098938
0.129974
0.141937
0.122253
0.083313
0.049988
0.034088
0.025635
0.018036
0.010712
0.012939
0.026794
0.045197
0.059570
0.069061
0.082794
0.110840
0.144043
0.166229
0.171204
0.172119
0.180359
0.187469
0.176483
0.152313
0.132874
0.129486
0.128937
0.123169
0.119385
0.129547
0.152008
0.165802
0.157837
0.132385
0.106415
0.089142
0.080902
0.079865
0.084900
0.095001
0.105072
0.107483
0.100647
0.087646
0.074890
0.064575
0.056305
0.050354
0.048889
0.046844
0.042084
0.037964
0.036987
0.035187
0.039062
0.056000
0.087585
0.126556
0.161469
0.182495
0.185516
0.179565
0.174652
0.172760
0.172119
0.163544
0.146729
0.126617
0.101105
0.072632
0.047791
0.034149
0.026794
0.011017
-0.026825
-0.076935
-0.116150
-0.128052
-0.118469
-0.097626
-0.074432
-0.046753
-0.022644
-0.020813
-0.051239
-0.096283
-0.125732
-0.131744
-0.130798
-0.137878
-0.146576
-0.139832
-0.112823
-0.082092
-0.061737
-0.053894
-0.052460
-0.056885
-0.076874
-0.108856
-0.130737
-0.118469
-0.072418
-0.020508
0.008759
0.005005
-0.019348
-0.047241
-0.067627
-0.080872
-0.085846
-0.082397
-0.078674
-0.084930
-0.103882
-0.123444
-0.129761
-0.120087
-0.110199
-0.111969
-0.123505
-0.134857
-0.139526
-0.141785
-0.145355
-0.146637
-0.142029
-0.135712
-0.130920
-0.126831
-0.125549
-0.131378
-0.148102
-0.170197
-0.189392
-0.196594
-0.192291
-0.181854
-0.163147
-0.128479
-0.083832
-0.046997
-0.033386
-0.039825
-0.054138
-0.066589
-0.081360
-0.099640
-0.118469
-0.125854
-0.117798
-0.097504
-0.079224
-0.068970
-0.061737
-0.051117
-0.037323
-0.029510
-0.032898
-0.041412
-0.046692
-0.048615
-0.054321
-0.067810
-0.082214
-0.082825
-0.065674
-0.039581
-0.020935
-0.012543
-0.011993
-0.020569
-0.042908
-0.074249
-0.106628
-0.134979
-0.152649
-0.154602
-0.143646
-0.123383
-0.096344
-0.063873
-0.034729
-0.021667
-0.023376
-0.021301
0.002747
0.047852
0.095764
0.126801
0.127960
0.103668
0.070648
0.047607
0.043182
0.054840
0.070648
0.079987
0.077362
0.059875
0.033600
0.012817
0.016357
0.047455
0.091705
0.122986
0.126740
0.108887
0.082855
0.055389
0.029175
0.007843
0.003174
0.020172
0.044769
0.057220
0.051331
0.043060
0.054474
0.088074
0.127045
0.150177
0.154144
0.149750
0.141754
0.128387
0.112000
0.101715
0.100525
0.101288
0.094818
0.078766
0.061157
0.052979
0.056549
0.061890
0.055878
0.042084
0.036011
0.042877
0.051086
0.049438
0.044525
0.051208
0.072266
0.092010
0.100708
0.099731
0.097778
0.094208
0.081146
0.062439
0.056183
0.068878
0.092499
0.109741
0.108459
0.090851
0.067657
0.045258
0.021698
-0.000275
-0.015900
-0.021362
-0.020264
-0.022156
-0.028168
-0.028839
-0.013885
0.012024
0.033234
0.037476
0.026642
0.009125
-0.012268
-0.035950
-0.050262
-0.040741
-0.006012
0.034485
0.058990
0.059174
0.046173
0.033600
0.026154
0.018311
0.010162
0.003662
0.001923
0.001984
0.000916
-0.000305
0.001526
0.006409
0.010834
0.012665
0.013336
0.015076
