0.020050
0.000000
0.052704
0.000000
0.123901
0.000000
0.237030
0.000000
0.414917
0.000000
0.664459
0.000000
0.845917
0.000000
0.765656
0.000000
0.350769
0.000000
-0.278259
0.000000
-0.819366
0.000000
-0.988556
0.000000
-0.698517
0.000000
-0.158478
0.000000
0.279205
0.000000
0.462555
0.000000
0.421417
0.000000
0.226593
0.000000
-0.046631
0.000000
-0.318085
0.000000
-0.432404
0.000000
-0.325958
0.000000
-0.169769
0.000000
-0.131836
0.000000
-0.126831
0.000000
0.016235
0.000000
0.253815
0.000000
0.370392
0.000000
0.258453
0.000000
0.019836
0.000000
-0.199005
0.000000
-0.321686
0.000000
-0.304596
0.000000
-0.148621
0.000000
0.032593
0.000000
0.094727
0.000000
0.055176
0.000000
0.049988
0.000000
0.101227
0.000000
0.119385
0.000000
0.059906
0.000000
-0.038788
0.000000
-0.103394
0.000000
-0.115753
0.000000
-0.164612
0.000000
-0.275482
0.000000
-0.290649
0.000000
-0.128296
0.000000
0.087677
0.000000
0.194122
0.000000
0.164276
0.000000
0.083466
0.000000
0.003510
0.000000
-0.087036
0.000000
-0.185089
0.000000
-0.226654
0.000000
-0.177246
0.000000
-0.075470
0.000000
0.004517
0.000000
0.038239
0.000000
0.082672
0.000000
0.162689
0.000000
0.204865
0.000000
0.126892
0.000000
-0.031372
0.000000
-0.140167
0.000000
-0.129974
0.000000
-0.069946
0.000000
-0.035828
0.000000
-0.003448
0.000000
0.049835
0.000000
0.095917
0.000000
0.077789
0.000000
-0.009552
0.000000
-0.090729
0.000000
-0.098450
0.000000
-0.060974
0.000000
-0.035004
0.000000
-0.012421
0.000000
0.026672
0.000000
0.043518
0.000000
-0.003510
0.000000
-0.062012
0.000000
-0.053528
0.000000
0.028015
0.000000
0.118835
0.000000
0.152161
0.000000
0.102570
0.000000
0.007782
0.000000
-0.061798
0.000000
-0.090942
0.000000
-0.118042
0.000000
-0.136047
0.000000
-0.089386
0.000000
0.009277
0.000000
0.084961
0.000000
0.093842
0.000000
0.068726
0.000000
0.050079
0.000000
0.032715
0.000000
-0.008209
0.000000
-0.071960
0.000000
-0.108978
0.000000
-0.062103
0.000000
0.041962
0.000000
0.106079
0.000000
0.095276
0.000000
0.069366
0.000000
0.057373
0.000000
0.002930
0.000000
-0.091858
0.000000
-0.151886
0.000000
-0.130127
0.000000
-0.055237
0.000000
0.018127
0.000000
0.057556
0.000000
0.061310
0.000000
0.070953
0.000000
0.088715
0.000000
0.069489
0.000000
0.007904
0.000000
-0.044769
0.000000
-0.049896
0.000000
-0.042206
0.000000
-0.055237
0.000000
-0.057404
0.000000
-0.004303
0.000000
0.069916
0.000000
0.098907
0.000000
0.066559
0.000000
0.019684
0.000000
0.002808
0.000000
0.002716
0.000000
-0.013123
0.000000
-0.051422
0.000000
-0.067474
0.000000
-0.040253
0.000000
0.000763
0.000000
0.019592
0.000000
0.026672
0.000000
0.047821
0.000000
0.060760
0.000000
0.039154
0.000000
-0.010742
0.000000
-0.054749
0.000000
-0.055756
0.000000
-0.026489
0.000000
-0.000122
0.000000
0.010010
0.000000
0.025909
0.000000
0.067810
0.000000
0.104614
0.000000
0.095520
0.000000
0.056824
0.000000
0.021851
0.000000
-0.001068
0.000000
-0.020264
0.000000
-0.031738
0.000000
-0.026794
0.000000
-0.008789
0.000000
0.009094
0.000000
0.022369
0.000000
0.025452
0.000000
0.020691
0.000000
0.024231
0.000000
0.030334
0.000000
0.015198
0.000000
-0.021820
0.000000
-0.049316
0.000000
-0.050934
0.000000
-0.039978
0.000000
-0.027740
0.000000
-0.009827
0.000000
0.014160
0.000000
0.038208
0.000000
0.045013
0.000000
0.029541
0.000000
0.005341
0.000000
-0.011383
0.000000
-0.019043
0.000000
-0.023651
0.000000
-0.029114
0.000000
-0.025055
0.000000
-0.018219
0.000000
-0.023956
0.000000
-0.025085
0.000000
-0.015198
0.000000
-0.006989
0.000000
-0.015869
0.000000
-0.038300
0.000000
-0.049591
0.000000
-0.036163
0.000000
-0.008240
0.000000
0.023560
0.000000
0.053192
0.000000
0.074249
0.000000
0.075165
0.000000
0.052704
0.000000
0.014862
0.000000
-0.019440
0.000000
-0.039307
0.000000
-0.044495
0.000000
-0.038177
0.000000
-0.024292
0.000000
-0.003113
0.000000
0.019318
0.000000
0.029358
0.000000
0.024719
0.000000
0.018890
0.000000
0.020233
0.000000
0.016174
0.000000
-0.014160
0.000000
-0.043640
0.000000
-0.038940
0.000000
-0.017273
0.000000
-0.017670
0.000000
-0.033478
0.000000
-0.032684
0.000000
-0.012543
0.000000
0.005493
0.000000
0.007233
0.000000
0.010040
0.000000
0.019409
0.000000
0.023224
0.000000
0.014160
0.000000
-0.003143
0.000000
-0.008209
0.000000
0.003906
0.000000
0.026978
0.000000
0.044678
0.000000
0.048126
0.000000
0.044312
0.000000
0.032043
0.000000
0.012787
0.000000
0.001831
0.000000
0.010406
0.000000
0.025330
0.000000
0.024994
0.000000
0.011169
0.000000
-0.003204
0.000000
-0.011017
0.000000
-0.012726
0.000000
-0.010498
0.000000
-0.002411
0.000000
0.007446
0.000000
0.007690
0.000000
-0.004608
0.000000
-0.013092
0.000000
0.002228
0.000000
0.027405
0.000000
0.032074
0.000000
0.022827
0.000000
0.018860
0.000000
0.026306
0.000000
0.033203
0.000000
0.025513
0.000000
0.017700
