0.549103
0.048096
0.679688
0.541687
0.909576
0.000488
0.007812
0.000031
0.005707
0.394531
0.023438
0.000732
0.909210
0.046967
-0.203125
0.953217
0.273773
-0.014801
-0.763184
-0.261810
-0.168365
0.089783
0.440948
-0.558746
-0.238739
-0.587036
0.394623
-0.948517
0.035339
-0.417389
0.774170
0.425507
-0.035309
0.018860
0.703979
0.693939
0.622711
0.888611
-0.492920
-0.555206
0.498474
0.770752
-0.744385
-0.695221
0.971252
0.190887
0.478699
-0.320770
0.411133
-0.441162
-0.636200
-0.712830
0.796936
0.422607
-0.358978
-0.524231
0.201141
-0.713715
-0.120209
-0.698029
0.286896
0.936005
0.522186
0.943542
0.481567
-0.987885
0.403046
-0.822662
-0.079773
0.412476
0.982666
0.295227
0.787598
0.725006
0.380829
-0.260132
-0.939789
-0.728638
0.396423
-0.525513
0.123108
-0.602753
-0.414307
0.336243
0.429718
0.678802
-0.423676
0.505554
0.560364
-0.845428
0.686401
-0.797485
0.398010
-0.680328
0.428619
0.061127
-0.759064
-0.063324
-0.039520
0.835510
0.804138
-0.484955
0.491699
-0.711426
0.569733
-0.617767
0.304504
0.516113
-0.116028
-0.467255
-0.287689
0.368164
-0.679260
0.828003
-0.945984
-0.665100
0.334961
0.976227
0.297333
0.047943
0.118561
-0.865753
-0.194031
-0.491302
0.476837
-0.008209
0.850800
0.569794
0.718933
0.641571
0.595215
-0.396667
0.900360
-0.873230
0.055786
0.656433
-0.187958
-0.281708
0.515594
0.625397
0.211548
-0.538361
-0.928864
-0.725555
-0.631714
0.524445
0.907196
0.461914
0.626068
0.446259
0.297516
-0.437103
0.148956
-0.936584
0.149567
0.204102
0.680420
0.297546
0.594543
0.266388
-0.397949
-0.671600
-0.460602
-0.804077
-0.202240
-0.124023
-0.405212
0.837189
-0.295441
0.235748
0.665039
0.453583
0.976685
0.195374
0.070526
0.617584
-0.304108
-0.710083
0.321442
0.704407
-0.154999
0.516632
-0.764923
-0.101105
0.055054
0.219116
0.953522
0.062958
-0.382233
-0.553864
-0.608337
0.383881
0.618011
-0.788544
-0.327759
-0.812134
-0.319946
0.758148
0.383148
0.344177
0.336487
-0.147827
-0.632263
0.648895
-0.366821
-0.366821
-0.507385
-0.437073
-0.554382
0.906403
0.320465
-0.968536
-0.101318
0.398621
0.656372
0.234589
-0.819916
0.953613
0.570740
0.547180
0.781494
-0.413849
0.023529
0.249908
-0.984589
-0.968964
-0.914185
0.578094
-0.445343
-0.726593
0.296844
-0.593781
-0.679749
0.492004
0.671539
-0.578552
0.655884
-0.164276
-0.265686
-0.007843
0.156189
0.898346
0.460876
0.992157
-0.914154
0.343597
-0.203247
-0.195282
-0.663910
0.695465
-0.820221
-0.015564
0.156372
0.328339
0.234558
0.343811
-0.515656
-0.437561
-0.929688
0.953156
0.218750
0.398376
-0.289093
0.257904
0.406403
-0.312378
0.000031
0.796844
-0.070251
-0.413879
0.664307
0.750183
-0.007629
0.211212
0.078522
-0.030792
0.875427
-0.999603
-0.280823
-0.874481
-0.397919
0.383270
-0.210571
0.109680
-0.140320
-0.210632
0.820587
0.984589
-0.999817
-0.367004
0.914246
-0.382629
-0.281128
-0.953033
-0.210846
-0.953003
-0.827972
0.312592
0.742188
-0.578125
-0.156158
-0.999817
0.890869
0.070587
0.773773
-0.655853
-0.069946
-0.304413
-0.015442
0.828308
0.437744
0.953430
0.297180
-0.265381
-0.687317
0.351746
0.211060
-0.367188
0.882721
0.874878
0.156189
-0.218750
-0.023468
-0.710999
0.437439
0.398407
0.632782
-0.656342
0.367004
0.437347
-0.898529
0.726501
-0.804810
0.234192
0.554565
0.296844
0.351593
0.445312
0.015564
0.351532
0.304779
-0.359253
0.023529
0.015625
-0.250000
-0.820282
-0.414032
0.867157
0.281158
0.210846
0.117126
-0.968811
0.390442
-0.273743
0.710541
-0.422241
0.140350
-0.203369
0.632568
-0.429901
0.265472
0.226440
-0.336121
0.757538
0.155945
-0.859589
-0.437622
-0.679779
0.062347
-0.562714
-0.750183
-0.617340
0.687378
0.398285
0.281097
-0.218872
0.835846
0.195129
-0.429993
0.054291
-0.125427
-0.726929
-0.914429
0.757416
0.944885
0.429260
0.366760
-0.930145
-0.133301
-0.953674
0.413513
-0.305206
-0.031799
0.015076
0.796326
-0.273956
0.733917
-0.648926
-0.242767
-0.360046
-0.547546
-0.039673
0.913483
0.429077
-0.836487
0.030823
0.570007
0.788788
-0.039398
-0.172272
0.210541
0.343353
-0.172333
0.624451
-0.445892
0.280762
0.726227
-0.437775
0.671600
-0.968994
-0.125153
-0.570404
-0.086060
0.780975
-0.469116
-0.078491
0.015259
-0.820679
-0.320709
0.109009
0.077911
-0.515686
0.789093
0.039062
-0.593781
-0.195374
-0.679749
-0.375122
0.382629
-0.453308
-0.968872
-0.171906
0.156281
0.156281
-0.414001
0.289154
0.586090
0.023590
-0.570190
0.398529
0.648560
-0.710785
-0.718536
0.367462
-0.937164
-0.038666
0.883240
-0.913605
-0.429260
-0.898041
0.414398
0.109711
-0.132507
0.140839
0.961090
-0.663971
-0.515503
0.523621
-0.273163
0.765961
-0.374603
0.656677
-0.171417
0.734863
0.383270
0.805115
0.516022
0.656616
-0.413727
-0.640320
-0.624695
-0.569977
-0.874634
-0.499603
-0.062164
0.828400
0.132996
0.586060
-0.640564
-0.773407
-0.843719
-0.257751
-0.007690
-0.570160
0.632965
0.007935
0.304810
0.562653
-0.898285
-0.554565
-0.242096
-0.765564
-0.156219
-0.460938
-0.515625
-0.281219
-0.656189
0.093811
-0.031189
0.421875
0.304626
-0.429779
-0.148529
