-0.001251
0.000000
0.003052
0.000000
0.012421
0.000000
0.032196
0.000000
0.075317
0.000000
0.146759
0.000000
0.254089
0.000000
0.407074
0.000000
0.607361
0.000000
0.818481
0.000000
0.964752
0.000000
0.988525
0.000000
0.838867
0.000000
0.524567
0.000000
0.137268
0.000000
-0.209290
0.000000
-0.420959
0.000000
-0.480621
0.000000
-0.416168
0.000000
-0.292206
0.000000
-0.174866
0.000000
-0.079346
0.000000
-0.022827
0.000000
-0.015228
0.000000
-0.035095
0.000000
-0.045685
0.000000
-0.051727
0.000000
-0.089813
0.000000
-0.158875
0.000000
-0.233795
0.000000
-0.272217
0.000000
-0.251282
0.000000
-0.192596
0.000000
-0.135040
0.000000
-0.113159
0.000000
-0.119965
0.000000
-0.126068
0.000000
-0.114258
0.000000
-0.089508
0.000000
-0.081665
0.000000
-0.114532
0.000000
-0.169373
0.000000
-0.194580
0.000000
-0.181427
0.000000
-0.175446
0.000000
-0.190308
0.000000
-0.187347
0.000000
-0.142548
0.000000
-0.087402
0.000000
-0.067841
0.000000
-0.100769
0.000000
-0.164917
0.000000
-0.221130
0.000000
-0.257599
0.000000
-0.281219
0.000000
-0.284607
0.000000
-0.250153
0.000000
-0.175293
0.000000
-0.096741
0.000000
-0.042114
0.000000
-0.021088
0.000000
-0.023438
0.000000
-0.023712
0.000000
-0.024689
0.000000
-0.047577
0.000000
-0.099487
0.000000
-0.151764
0.000000
-0.153625
0.000000
-0.099884
0.000000
-0.031189
0.000000
0.019623
0.000000
0.057983
0.000000
0.090912
0.000000
0.106689
0.000000
0.092194
0.000000
0.057709
0.000000
0.035797
0.000000
0.038605
0.000000
0.053436
0.000000
0.067963
0.000000
0.070404
0.000000
0.048767
0.000000
0.003571
0.000000
-0.043671
0.000000
-0.074829
0.000000
-0.089355
0.000000
-0.096588
0.000000
-0.090637
0.000000
-0.060638
0.000000
-0.018768
0.000000
0.004120
0.000000
-0.004974
0.000000
-0.019989
0.000000
-0.012207
0.000000
0.015289
0.000000
0.037872
0.000000
0.049255
0.000000
0.054565
0.000000
0.061737
0.000000
0.067963
0.000000
0.057098
0.000000
0.026703
0.000000
-0.007538
0.000000
-0.027527
0.000000
-0.028076
0.000000
-0.016205
0.000000
-0.008484
0.000000
-0.005646
0.000000
0.006439
0.000000
0.033752
0.000000
0.068726
0.000000
0.086029
0.000000
0.067230
0.000000
0.034149
0.000000
0.015625
0.000000
0.010620
0.000000
0.005432
0.000000
-0.009003
0.000000
-0.025635
0.000000
-0.020966
0.000000
0.001160
0.000000
0.011627
0.000000
0.001343
0.000000
-0.012085
0.000000
-0.005219
0.000000
0.021729
0.000000
0.046265
0.000000
0.052246
0.000000
0.046356
0.000000
0.042145
0.000000
0.044861
0.000000
0.039764
0.000000
0.019257
0.000000
-0.002167
0.000000
-0.012207
0.000000
-0.005310
0.000000
0.009064
0.000000
0.015717
0.000000
0.017700
0.000000
0.023834
0.000000
0.035187
0.000000
0.039001
0.000000
0.024200
0.000000
0.000977
0.000000
-0.012238
0.000000
-0.007904
0.000000
0.007874
0.000000
0.023010
0.000000
0.022003
0.000000
0.009918
0.000000
0.005951
0.000000
0.017761
0.000000
0.031921
0.000000
0.037262
0.000000
0.046967
0.000000
0.071228
0.000000
0.095520
0.000000
0.097534
0.000000
0.075684
0.000000
0.050568
0.000000
0.037628
0.000000
0.041351
0.000000
0.050446
0.000000
0.046814
0.000000
0.030975
0.000000
0.019501
0.000000
0.021210
0.000000
0.025513
0.000000
0.021912
0.000000
0.013580
0.000000
0.010559
0.000000
0.019745
0.000000
0.030060
0.000000
0.029114
0.000000
0.021484
0.000000
0.020905
0.000000
0.028046
0.000000
0.029999
0.000000
0.017426
0.000000
-0.006470
0.000000
-0.026886
0.000000
-0.033844
0.000000
-0.029297
0.000000
-0.026306
0.000000
-0.031006
0.000000
-0.036041
0.000000
-0.035980
0.000000
-0.038544
0.000000
-0.051178
0.000000
-0.067719
0.000000
-0.076996
0.000000
-0.076294
0.000000
-0.073090
0.000000
-0.074341
0.000000
-0.072845
0.000000
-0.065399
0.000000
-0.057434
0.000000
-0.051056
0.000000
-0.051178
0.000000
-0.053131
0.000000
-0.053101
0.000000
-0.055847
0.000000
-0.058228
0.000000
-0.056335
0.000000
-0.046143
0.000000
-0.030243
0.000000
-0.020294
0.000000
-0.019806
0.000000
-0.020660
0.000000
-0.018036
0.000000
-0.016815
0.000000
-0.019623
0.000000
-0.021973
0.000000
-0.017090
0.000000
-0.005554
0.000000
0.003998
0.000000
0.006042
0.000000
0.002655
0.000000
0.000641
0.000000
-0.001953
0.000000
-0.007507
0.000000
-0.012482
0.000000
-0.013885
0.000000
-0.009277
0.000000
0.000122
0.000000
0.007935
0.000000
0.015472
0.000000
0.022705
0.000000
0.025574
0.000000
0.026367
0.000000
0.025269
0.000000
0.021667
0.000000
0.013031
0.000000
0.002411
0.000000
-0.002045
0.000000
-0.002686
0.000000
-0.001099
0.000000
0.005646
0.000000
0.018707
0.000000
0.039185
0.000000
0.056519
0.000000
0.060730
0.000000
0.056061
0.000000
0.050110
0.000000
0.044983
0.000000
0.043060
0.000000
0.041565
0.000000
0.038818
0.000000
0.039337
0.000000
0.044708
0.000000
0.052704
0.000000
0.062073
0.000000
0.068420
0.000000
0.071716
0.000000
0.078247
0.000000
0.075592
0.000000
0.058105
