0.024323
0.093506
0.212189
0.630341
0.978455
0.903961
0.988525
0.889862
0.965851
0.885254
-0.273560
-0.972412
-0.815338
-0.950073
-0.847626
0.193878
0.932648
0.965851
0.835388
0.223297
-0.345795
-0.583557
-0.509613
-0.182220
-0.128387
-0.385101
-0.687073
-0.556274
0.024933
0.647736
0.872284
0.553650
-0.110565
-0.743347
-0.935516
-0.863403
-0.477875
0.019440
0.192200
0.108063
-0.199615
-0.505402
-0.705719
-0.770142
-0.691681
-0.551575
-0.375305
-0.316162
-0.446594
-0.717804
-0.891876
-0.816193
-0.594055
-0.420227
-0.404907
-0.432892
-0.417206
-0.372650
-0.397827
-0.504364
-0.588501
-0.585022
-0.526581
-0.510590
-0.525726
-0.483490
-0.304077
-0.057220
0.084625
0.015228
-0.219757
-0.455109
-0.571075
-0.544983
-0.427643
-0.278137
-0.154572
-0.108887
-0.156860
-0.267517
-0.345428
-0.317657
-0.207214
-0.115356
-0.107147
-0.138397
-0.141113
-0.117401
-0.118896
-0.147095
-0.140869
-0.043457
0.130035
0.299164
0.384674
0.357880
0.251038
0.116333
-0.024323
-0.165741
-0.264313
-0.242950
-0.085754
0.123688
0.280273
0.354523
0.367920
0.331146
0.231781
0.071045
-0.099701
-0.189117
-0.130249
0.047760
0.244232
0.380951
0.460205
0.499847
0.457062
0.287384
0.051208
-0.110870
-0.115112
-0.005798
0.105225
0.159668
0.182068
0.218689
0.265533
0.284485
0.265167
0.244537
0.254852
0.274719
0.247009
0.165466
0.105408
0.139313
0.236816
0.290161
0.253296
0.190216
0.178802
0.206512
0.197998
0.130096
0.070923
0.087646
0.163879
0.227203
0.250916
0.272705
0.324982
0.372437
0.352203
0.250336
0.121399
0.036957
0.022583
0.056458
0.103058
0.154236
0.221039
0.292572
0.335022
0.320648
0.259186
0.181580
0.120667
0.095001
0.097687
0.108307
0.120972
0.152252
0.212952
0.270538
0.276093
0.217377
0.140533
0.098816
0.095306
0.098877
0.092590
0.091217
0.110840
0.140900
0.157379
0.147034
0.120422
0.099487
0.100983
0.114502
0.112091
0.079132
0.043762
0.039124
0.061707
0.069000
0.048584
0.034363
0.058502
0.105591
0.128876
0.112701
0.083374
0.066772
0.055725
0.027161
-0.017059
-0.050140
-0.051239
-0.029388
-0.007599
-0.001434
-0.002777
-0.002411
-0.001068
-0.010742
-0.040741
-0.080505
-0.105438
-0.092712
-0.050751
-0.011353
-0.000305
-0.011597
-0.019958
-0.012848
-0.006683
-0.018463
-0.034882
-0.025696
0.013214
0.046112
0.046600
0.025787
0.019501
0.037659
0.056458
0.048065
0.018188
-0.006622
-0.008148
0.005432
0.011475
0.000793
-0.011871
-0.003967
0.024384
0.045349
0.037140
0.010559
-0.000519
0.019989
0.051422
0.062653
0.053131
0.050171
0.073151
0.105530
0.119537
0.111298
0.104736
0.115417
0.133575
0.137146
0.120056
0.097198
0.084259
0.083923
0.084198
0.076111
0.061035
0.049927
0.049805
0.054565
0.052643
0.038147
0.024261
0.025238
0.037842
0.041656
0.024994
0.004425
0.003754
0.027466
0.054138
0.069061
0.077271
0.092194
0.104797
0.098572
0.073212
0.051605
0.051300
0.069183
0.083496
0.079926
0.064545
0.054321
0.049438
0.037140
0.007202
-0.021973
-0.029266
-0.012665
0.001770
-0.003021
-0.014374
-0.013275
-0.001312
-0.001129
-0.020691
-0.040680
-0.036743
-0.017548
-0.010437
-0.026184
-0.040558
-0.031006
-0.004150
0.009918
0.001526
-0.009399
-0.000702
0.023499
0.037140
0.027161
0.007507
0.002075
0.010559
0.014130
-0.000122
-0.018219
-0.020142
-0.009155
-0.011688
-0.040375
-0.077606
-0.095978
-0.086243
-0.065735
-0.055389
-0.055115
-0.050629
-0.038330
-0.031128
-0.044525
-0.068695
-0.075256
-0.052917
-0.023956
-0.019257
-0.037964
-0.052612
-0.046356
-0.032410
-0.029877
-0.037109
-0.036682
-0.025635
-0.022217
-0.042786
-0.077423
-0.101105
-0.101868
-0.093323
-0.092590
-0.100494
-0.108215
-0.108521
-0.107727
-0.113220
-0.125000
-0.134430
-0.135864
-0.132416
-0.134064
-0.139984
-0.140015
-0.127350
-0.115112
-0.121796
-0.147339
-0.169678
-0.169617
-0.155548
-0.148254
-0.149323
-0.140625
-0.108765
-0.074463
-0.064270
-0.080933
-0.098999
-0.101471
-0.099335
-0.113098
-0.137024
-0.143585
-0.120239
-0.085754
-0.067169
-0.065674
-0.058899
-0.037598
-0.019623
-0.029938
-0.063385
-0.089142
-0.092896
-0.088013
-0.093536
-0.100616
-0.087646
-0.049957
-0.008972
0.008270
0.003693
-0.006134
-0.008087
-0.011292
-0.024323
-0.041168
-0.044830
-0.027405
-0.002045
0.013214
0.015533
0.018250
0.029938
0.042694
0.044922
0.034912
0.027344
0.031647
0.044861
0.060425
0.074066
0.088989
0.104431
0.116852
0.121094
0.115295
0.103760
0.093384
0.086273
0.078369
0.062408
0.042816
0.030792
0.035797
0.054626
0.075165
0.089813
0.102142
0.114563
0.124115
0.125244
0.118500
0.110901
0.104736
0.099731
0.091339
0.084564
0.084930
0.093018
0.101227
0.101593
0.090179
0.070435
0.050110
0.034668
0.023132
0.013885
0.011292
0.019623
0.035187
0.045746
0.043884
0.036652
0.034912
0.039856
0.042328
0.036041
0.024689
0.016052
0.011292
0.007721
0.005432
0.008209
0.016113
0.022095
0.018311
0.002106
-0.014893
-0.022919
-0.019196
-0.014130
-0.012817
-0.015900
-0.017059
-0.015594
-0.014130
-0.014343
-0.013428
-0.009918
-0.005463
-0.001984
0.000183
0.002747
0.006561
0.011841
