0.549103
0.048096
0.679688
0.541687
0.909576
0.000488
0.007812
0.000031
0.005707
0.394531
0.023438
0.000732
0.909210
0.046967
-0.882812
-0.664062
0.820312
-0.593689
0.429840
-0.140320
0.617767
0.243103
0.368500
0.954926
0.025879
-0.520386
-0.309021
-0.152527
-0.496155
0.410004
-0.215332
-0.434418
0.612183
-0.997406
0.533691
-0.880554
-0.755768
0.486298
-0.904358
-0.982483
0.626831
-0.466949
-0.568390
0.884888
0.470917
-0.794708
-0.201111
-0.748260
-0.772064
-0.834930
-0.733826
0.328247
-0.148590
0.241882
0.241852
-0.359711
-0.094177
-0.188049
-0.953705
0.780670
0.429016
0.116364
0.538025
-0.438660
-0.923004
-0.743256
-0.899536
0.975281
-0.524994
-0.072174
-0.658264
-0.134888
-0.759888
0.302612
-0.634888
-0.134888
0.544769
-0.080322
0.528961
-0.658661
-0.307190
-0.682312
0.020721
0.333160
0.208252
0.567810
-0.478790
-0.900421
-0.931488
0.123260
-0.954865
0.099792
-0.353394
-0.540985
0.865173
0.255676
-0.416351
-0.205475
0.067902
0.989685
0.192749
-0.197937
0.114563
0.677155
-0.166443
0.005615
0.146454
-0.306458
-0.501587
-0.095123
-0.540222
-0.969757
-0.039948
0.741425
-0.578796
0.749390
-0.820892
0.366547
-0.742889
-0.742981
-0.110260
-0.711914
-0.446381
-0.274536
-0.087097
-0.821442
-0.844849
-0.774506
0.678680
-0.016602
0.452179
0.499115
-0.196136
0.569519
0.014832
-0.407043
0.725769
-0.586761
-0.243073
0.202179
0.381714
0.709717
-0.540375
0.037720
0.420563
0.569061
-0.899567
0.311462
0.780365
0.553925
0.069733
0.343353
0.023193
-0.750061
0.593842
0.437714
-0.288757
0.156586
-0.069977
0.742493
-0.062256
0.250183
0.187653
0.101685
0.679810
0.750153
0.125214
-0.866913
0.937805
-0.734070
0.429962
0.422150
0.289398
-0.523010
0.406769
0.524078
0.539825
0.852448
0.735413
-0.670685
0.563812
-0.732971
-0.670441
0.063965
-0.037628
0.517029
-0.889313
-0.623810
-0.483307
-0.233429
-0.077271
0.649200
0.766327
-0.132141
-0.936859
0.977203
-0.983704
0.133545
-0.530426
-0.116272
-0.358398
-0.545807
-0.686340
0.712158
0.344971
0.704346
0.032471
0.602753
-0.842560
0.235565
0.040253
-0.483154
-0.451843
0.235687
-0.553345
0.891937
-0.928375
0.915314
0.829346
-0.616028
-0.631714
0.290100
0.790039
0.063446
-0.413147
0.391541
0.774323
0.211823
0.680603
-0.405304
-0.592773
0.532288
0.305725
0.204193
0.407318
-0.350494
-0.905151
0.985504
-0.459717
-0.803406
0.962311
-0.240784
0.735809
-0.193878
0.001434
-0.686096
-0.826782
-0.740875
0.313751
0.063690
-0.717651
-0.061462
-0.991211
0.297791
-0.663177
0.891541
0.813477
0.696381
-0.147278
-0.350372
-0.928436
-0.006561
-0.483124
-0.092529
0.719910
0.758911
-0.045837
0.188477
-0.874084
-0.967896
0.602325
-0.397766
-0.936920
-0.257324
0.070740
-0.944916
-0.999603
0.953552
0.453583
-0.226105
0.625458
-0.358917
0.422302
0.453522
0.383179
0.383148
-0.780945
0.531555
-0.687225
0.804901
0.187683
-0.523346
0.500031
-0.414093
0.531158
-0.820435
-0.437622
-0.953247
0.492096
0.882751
-0.257812
0.875061
-0.874847
-0.773224
0.117493
-0.069946
0.687927
-0.960449
-0.827606
0.133331
-0.366669
0.563019
0.320801
-0.780823
0.398834
0.297211
0.383087
-0.140411
0.632965
-0.859283
-0.054657
0.195312
0.289062
-0.671875
-0.406219
0.453186
0.906342
0.109436
-0.218719
0.500000
0.664001
-0.289185
-0.578308
0.585724
0.468536
0.437286
-0.508026
-0.773621
0.663879
-0.718933
-0.382996
-0.757996
-0.234558
-0.312683
0.249817
0.492004
-0.445526
-0.164276
-0.695557
-0.883057
-0.265900
0.929413
-0.273743
-0.375305
0.116882
0.929382
0.445007
-0.461212
0.976257
-0.109711
-0.101929
-0.359772
0.327698
0.038605
0.038544
0.671326
-0.024017
-0.133453
0.538361
0.030487
0.264801
-0.305542
0.795990
-0.586884
0.264648
0.561493
0.991180
0.780273
-0.766602
0.452179
0.702209
0.131958
-0.313324
0.499237
0.827423
-0.164734
0.663452
0.491577
-0.438110
0.444702
-0.984955
-0.617737
0.343201
0.272888
0.132263
0.655731
0.827637
-0.086395
-0.484802
0.569916
0.749603
0.937103
0.804321
-0.312836
0.530914
0.984039
-0.383148
0.819946
0.710541
0.351166
0.616760
-0.601959
0.155853
-0.570679
-0.226959
-0.312897
0.429260
0.132385
0.194885
0.741791
-0.672272
-0.766022
-0.812927
0.116760
-0.680145
0.054199
0.616669
0.913544
-0.008331
-0.727081
0.202637
-0.719238
0.366730
-0.164490
-0.336365
0.640198
0.538635
-0.008270
-0.297333
-0.859863
-0.492645
0.749542
-0.586395
0.280792
-0.922302
-0.391022
-0.969116
-0.195679
-0.344116
0.632477
-0.672211
0.499664
0.687164
0.898102
-0.055023
-0.570618
0.773132
0.429413
0.679413
0.866943
0.804474
-0.867401
0.304504
0.234222
0.671722
0.718628
0.359253
-0.648560
0.124878
-0.984467
-0.914154
0.640564
-0.523468
-0.109375
0.015686
0.632874
0.203217
-0.828033
-0.203033
0.015686
-0.835876
0.718781
0.007843
0.187531
0.531281
0.046906
-0.882782
0.867218
-0.765594
0.257874
0.882904
0.875092
0.773560
0.961060
0.093842
-0.249908
0.195404
0.140686
0.640656
-0.796875
-0.890656
-0.781311
0.617096
0.726471
0.953003
-0.671997
-0.921997
0.218628
-0.687622
-0.773560
-0.820435
-0.664154
-0.101654
