0.005096
0.062897
0.089325
0.284576
0.781219
0.983124
0.944611
0.948853
0.963470
0.885895
0.974976
0.289459
-0.908661
-0.864380
-0.921753
-0.873688
0.384430
0.982819
0.856445
0.988525
0.350586
-0.754974
-0.935211
-0.913483
-0.782715
-0.636017
-0.898499
-0.932465
-0.837128
-0.039520
0.862457
0.946625
0.821442
0.052551
-0.794464
-0.903564
-0.920227
-0.871979
-0.318085
0.288177
0.440216
0.344879
0.080780
-0.136383
-0.288818
-0.486389
-0.636810
-0.840149
-0.907349
-0.911102
-0.910431
-0.899353
-0.921936
-0.451324
0.138855
0.204498
-0.106567
-0.659302
-0.931915
-0.891876
-0.918274
-0.901489
-0.912262
-0.900940
-0.712433
-0.542725
-0.429260
-0.261963
-0.175690
-0.238800
-0.551056
-0.907349
-0.909332
-0.921875
-0.794464
-0.315826
-0.014313
0.046722
-0.096344
-0.376617
-0.650360
-0.851410
-0.869232
-0.752838
-0.574005
-0.445740
-0.386963
-0.358795
-0.364441
-0.404175
-0.485107
-0.510529
-0.389923
-0.126648
0.122284
0.191650
0.074524
-0.109009
-0.224060
-0.268311
-0.275726
-0.233917
-0.090790
0.124115
0.263641
0.206573
-0.006165
-0.176544
-0.168701
-0.033722
0.062347
0.059265
0.062897
0.166473
0.296936
0.292786
0.135193
-0.016876
-0.021301
0.077759
0.136841
0.111023
0.097351
0.202423
0.393982
0.515381
0.452393
0.256226
0.079102
0.009369
0.017761
0.046661
0.103302
0.225433
0.387115
0.483856
0.446991
0.338684
0.282928
0.316284
0.364655
0.344025
0.260895
0.199799
0.228058
0.323334
0.395142
0.385040
0.318848
0.267426
0.254333
0.252380
0.244720
0.255737
0.313354
0.389008
0.407013
0.326385
0.208344
0.168732
0.249878
0.365326
0.398560
0.332703
0.247345
0.214600
0.227997
0.238403
0.227203
0.238525
0.317017
0.433838
0.489624
0.426544
0.297791
0.215271
0.215576
0.233704
0.204376
0.160187
0.192139
0.316650
0.443268
0.466644
0.385590
0.289093
0.246185
0.228485
0.170349
0.074158
0.028351
0.094849
0.222687
0.299194
0.275085
0.206207
0.175171
0.198120
0.223480
0.205658
0.162262
0.149902
0.195251
0.255615
0.271545
0.237305
0.204987
0.207184
0.216125
0.189301
0.135071
0.114136
0.160065
0.230652
0.251099
0.207977
0.159760
0.163483
0.200409
0.209076
0.159607
0.089966
0.052917
0.052551
0.042267
-0.001648
-0.041565
-0.020935
0.050354
0.095642
0.066864
0.014771
0.021698
0.081268
0.103668
0.042694
-0.033966
-0.027588
0.058594
0.127472
0.115234
0.070068
0.074951
0.129242
0.149445
0.089264
0.013550
0.013062
0.087921
0.147430
0.134705
0.087860
0.078369
0.108917
0.126251
0.099426
0.066742
0.079742
0.132324
0.164886
0.143829
0.097595
0.081329
0.105316
0.133423
0.139618
0.136230
0.146027
0.159943
0.155701
0.132507
0.118835
0.126862
0.140411
0.139160
0.132080
0.139862
0.162445
0.178711
0.180084
0.175659
0.169983
0.150879
0.114502
0.084625
0.085358
0.106049
0.113281
0.099670
0.092590
0.106903
0.114075
0.083771
0.032166
0.004059
0.017273
0.040802
0.045258
0.039307
0.056091
0.096558
0.119629
0.099121
0.059967
0.052063
0.084381
0.112549
0.101227
0.072876
0.078064
0.114685
0.127167
0.080170
0.017944
0.005890
0.047089
0.075256
0.048737
0.000885
-0.007507
0.024323
0.043854
0.020721
-0.015045
-0.014008
0.020477
0.039307
0.014832
-0.021545
-0.022705
0.010437
0.028778
0.004120
-0.040009
-0.058685
-0.048096
-0.041687
-0.060547
-0.089050
-0.098175
-0.084595
-0.067322
-0.062805
-0.067444
-0.066040
-0.052460
-0.037994
-0.041992
-0.065125
-0.085815
-0.078522
-0.048340
-0.027771
-0.037018
-0.054413
-0.050446
-0.029663
-0.029602
-0.059540
-0.087463
-0.079559
-0.051422
-0.046204
-0.075470
-0.102295
-0.090790
-0.055573
-0.039032
-0.052643
-0.064026
-0.045837
-0.015656
-0.009766
-0.033112
-0.053802
-0.048157
-0.032928
-0.043274
-0.084839
-0.128601
-0.143250
-0.131561
-0.121765
-0.130646
-0.146240
-0.148193
-0.139313
-0.143982
-0.172638
-0.203186
-0.203918
-0.176727
-0.152191
-0.151337
-0.159149
-0.153290
-0.133331
-0.127136
-0.143799
-0.165100
-0.164917
-0.145691
-0.135223
-0.144226
-0.154022
-0.140015
-0.111115
-0.098358
-0.112335
-0.131317
-0.131134
-0.119110
-0.115143
-0.122742
-0.121582
-0.103027
-0.082092
-0.083923
-0.107971
-0.129333
-0.124878
-0.100769
-0.080994
-0.080200
-0.089111
-0.092194
-0.093658
-0.106201
-0.130585
-0.149323
-0.149902
-0.139526
-0.133881
-0.132477
-0.124573
-0.105164
-0.083862
-0.069855
-0.060303
-0.052704
-0.045532
-0.044617
-0.046631
-0.047180
-0.044067
-0.038544
-0.027100
-0.009766
0.008942
0.016724
0.015137
0.010162
0.008453
0.005463
-0.000793
-0.000977
0.012634
0.033386
0.044830
0.044342
0.047577
0.065216
0.086029
0.093628
0.086884
0.082001
0.084991
0.088226
0.083282
0.078308
0.085480
0.105499
0.122467
0.123505
0.112000
0.102509
0.101959
0.103912
0.098389
0.087555
0.080597
0.084198
0.087555
0.081818
0.068329
0.058655
0.055969
0.052734
0.042755
0.032043
0.028442
0.031372
0.034027
0.035065
0.037354
0.040314
0.037872
0.029022
0.018494
0.013672
0.014679
0.015808
0.013824
0.009644
0.007629
0.007812
0.007965
0.007843
0.009247
0.012451
0.015656
0.018005
-0.000031
