0.003571
0.021149
0.071411
0.118927
0.217834
0.365692
0.490753
0.610443
0.643402
0.638000
0.547058
0.434784
0.046753
-0.709412
-0.988556
-0.920715
-0.958893
-0.946075
-0.939117
-0.965210
-0.886963
-0.634796
-0.573486
-0.722961
-0.792206
-0.745758
-0.615906
-0.500366
-0.295776
-0.033630
0.168762
0.175476
-0.042542
-0.366943
-0.806305
-0.982666
-0.920044
-0.975311
-0.840088
-0.455872
-0.151947
-0.002563
-0.021667
-0.176178
-0.216766
-0.042999
0.160339
0.300293
0.396301
0.431152
0.431702
0.457886
0.429688
0.243805
-0.038849
-0.284790
-0.375244
-0.222778
0.059296
0.256989
0.330353
0.306702
0.212189
0.133240
0.165741
0.322815
0.509796
0.681549
0.831665
0.907349
0.908051
0.869873
0.784149
0.645905
0.472382
0.274811
0.125946
0.068024
0.108643
0.245178
0.404541
0.504822
0.540344
0.545807
0.592194
0.705261
0.814423
0.886902
0.925873
0.929138
0.922913
0.893738
0.825531
0.739288
0.666504
0.628571
0.638123
0.669617
0.658203
0.585541
0.479584
0.388031
0.341827
0.314026
0.288818
0.283783
0.324829
0.424438
0.518555
0.536255
0.489380
0.438690
0.441254
0.510162
0.591003
0.643158
0.677582
0.699249
0.699615
0.655457
0.565704
0.471436
0.422913
0.435669
0.481415
0.499298
0.451996
0.357727
0.273743
0.219452
0.192352
0.184692
0.189514
0.211945
0.255859
0.311646
0.366180
0.403839
0.407166
0.375610
0.330170
0.274384
0.199890
0.116791
0.040680
-0.013184
-0.041992
-0.058105
-0.073303
-0.082458
-0.077515
-0.056183
-0.019653
0.022095
0.067963
0.109314
0.158264
0.219971
0.263031
0.271729
0.254974
0.220459
0.183441
0.145782
0.087036
-0.001709
-0.105377
-0.207733
-0.299500
-0.376740
-0.429596
-0.443695
-0.425201
-0.383942
-0.328857
-0.274445
-0.223358
-0.167114
-0.107941
-0.048767
0.004456
0.038330
0.051453
0.056549
0.053650
0.030548
-0.025604
-0.106750
-0.197632
-0.273499
-0.313354
-0.319763
-0.305939
-0.283661
-0.261444
-0.249268
-0.256500
-0.287170
-0.337250
-0.389801
-0.426270
-0.433472
-0.411835
-0.385406
-0.367706
-0.354401
-0.346100
-0.344238
-0.356293
-0.381134
-0.406799
-0.420807
-0.421539
-0.407806
-0.376099
-0.331360
-0.287170
-0.264404
-0.274811
-0.315430
-0.368073
-0.406738
-0.424805
-0.430786
-0.432037
-0.436615
-0.450043
-0.465912
-0.477844
-0.480591
-0.470825
-0.458069
-0.453735
-0.448090
-0.424561
-0.389221
-0.358154
-0.341400
-0.336395
-0.332184
-0.322144
-0.300537
-0.272675
-0.251801
-0.245941
-0.256683
-0.284119
-0.323883
-0.371918
-0.423798
-0.467438
-0.495483
-0.509613
-0.504700
-0.481598
-0.451294
-0.420532
-0.396820
-0.373718
-0.342102
-0.302490
-0.264648
-0.237030
-0.217133
-0.199768
-0.184448
-0.176910
-0.183319
-0.206909
-0.238983
-0.264648
-0.277069
-0.272949
-0.255554
-0.233154
-0.213257
-0.193665
-0.175110
-0.159149
-0.143921
-0.124451
-0.103729
-0.090759
-0.092621
-0.108124
-0.130341
-0.142151
-0.141388
-0.132172
-0.122437
-0.122498
-0.137268
-0.159332
-0.176422
-0.187531
-0.201782
-0.221924
-0.242828
-0.253479
-0.244324
-0.223846
-0.209625
-0.207794
-0.210358
-0.205048
-0.187286
-0.163849
-0.140778
-0.124756
-0.116028
-0.108002
-0.096954
-0.076996
-0.054596
-0.037537
-0.032715
-0.038849
-0.053162
-0.073730
-0.089447
-0.087555
-0.075439
-0.062836
-0.053528
-0.043243
-0.023224
0.009247
0.042816
0.068542
0.077362
0.069672
0.057037
0.045807
0.034363
0.020142
0.001862
-0.013367
-0.014862
-0.003204
0.016174
0.032379
0.040924
0.051758
0.069916
0.088287
0.096588
0.089813
0.073578
0.059875
0.050049
0.039978
0.028870
0.020538
0.014191
0.006775
0.002014
-0.000458
0.003387
0.015991
0.032166
0.047882
0.060547
0.069000
0.078796
0.095093
0.117188
0.142120
0.166168
0.182312
0.189026
0.187225
0.176727
0.162109
0.147278
0.131958
0.116821
0.101166
0.088928
0.083496
0.082092
0.082397
0.082123
0.085144
0.096069
0.113892
0.130096
0.139099
0.139160
0.135559
0.128906
0.117249
0.109283
0.110046
0.115692
0.121552
0.125580
0.128723
0.130219
0.129761
0.127594
0.120575
0.108276
0.094086
0.081573
0.074615
0.076477
0.086029
0.096252
0.100433
0.095612
0.083527
0.071075
0.065704
0.068176
0.075378
0.084259
0.089142
0.086578
0.076385
0.063843
0.055176
0.054260
0.060883
0.072968
0.086700
0.095795
0.096588
0.087982
0.073364
0.058838
0.049438
0.046448
0.049622
0.056122
0.063080
0.067963
0.069336
0.065430
0.057343
0.048065
0.040466
0.036682
0.036194
0.036987
0.038361
0.040619
0.042786
0.043793
0.043762
0.042877
0.043274
0.044769
0.046143
0.044250
0.038666
0.030762
0.023010
0.016479
0.011292
0.007935
0.005920
0.005493
0.007019
0.010803
0.015717
0.020386
0.023010
0.023163
0.021210
0.018433
0.016052
0.015259
0.015594
0.016663
0.017090
0.016296
0.013641
0.009766
0.005035
0.000092
-0.004791
-0.008270
-0.009888
-0.010010
-0.009491
-0.009521
-0.009857
-0.010437
-0.011078
-0.011230
-0.010590
-0.008942
-0.006348
-0.003845
-0.002014
-0.001190
-0.001343
-0.001923
-0.002472
-0.002899
-0.003204
-0.003082
-0.002808
-0.002716
-0.003113
-0.003906
-0.004913
-0.005859
-0.006561
-0.006989
-0.007141
-0.007172
-0.007233
