0.549103
0.048096
0.679688
0.541687
0.909576
0.000488
0.007812
0.000031
0.005707
0.394531
0.023438
0.000732
0.909210
0.046967
-0.742188
0.898438
-0.703064
0.828400
0.734833
0.766449
-0.170471
-0.857483
0.393005
0.752502
-0.950653
-0.872864
0.931366
0.484528
0.184723
0.292999
-0.370789
0.644684
-0.777161
0.175995
-0.949097
0.699646
-0.947815
0.036804
-0.448151
-0.948425
0.723633
0.567902
0.669891
0.311340
0.445160
0.547516
0.235046
0.702942
0.045441
0.879639
-0.511658
0.051086
-0.621002
0.613892
-0.517426
0.186890
-0.093781
-0.148529
0.874298
-0.555542
-0.656433
-0.866577
-0.147278
0.587463
-0.467072
0.650116
-0.045105
-0.529572
0.961884
0.429535
-0.282379
0.014130
-0.516510
-0.749786
-0.811523
0.649719
0.587128
0.539886
-0.968231
-0.343109
0.032501
-0.951141
-0.794220
-0.715515
0.628540
-0.121460
-0.293488
0.948364
0.690002
-0.685669
-0.561432
-0.780762
0.289307
-0.023041
0.641571
-0.842194
0.962891
0.877106
0.283356
-0.278961
0.143372
0.487549
0.675323
0.519226
-0.668274
0.816101
0.128479
0.932892
0.002869
-0.278656
0.986816
-0.435028
-0.872406
0.252563
-0.239929
0.954987
-0.123505
-0.139313
0.430908
-0.553589
-0.748901
0.470001
-0.170227
-0.294861
-0.724487
0.181580
0.611084
0.814209
0.033234
0.064789
-0.106873
0.947937
-0.426971
0.096466
0.643158
-0.958740
-0.263794
0.696960
0.970428
-0.841888
0.080048
0.376740
-0.592377
-0.334869
0.891479
-0.835205
-0.202423
0.141357
-0.811676
-0.452148
-0.311310
-0.576721
-0.607819
0.657837
0.829590
0.501282
0.469818
0.922638
0.055115
-0.945160
-0.671936
0.273254
0.929443
0.523132
-0.703461
-0.117493
-0.609619
0.663971
-0.937439
-0.452881
-0.421478
0.609985
0.016479
-0.233368
-0.397400
-0.553711
0.930542
-0.936798
-0.499451
-0.265289
-0.734406
-0.906677
-0.008636
-0.962128
-0.071808
0.521759
-0.142365
0.037384
-0.860901
-0.899750
0.944214
0.131927
0.679016
-0.969177
0.929474
-0.242188
-0.554565
0.523621
-0.562286
-0.257629
0.820404
0.718628
-0.719177
0.772644
-0.962036
-0.454376
0.358124
0.498779
0.397308
0.381775
-0.657227
0.116180
0.061371
-0.477905
-0.071838
0.935822
-0.087646
-0.618805
-0.665588
-0.821777
0.131409
-0.509186
-0.165436
-0.915466
0.982880
-0.321930
0.443665
-0.884460
0.107758
0.709442
0.076813
-0.837067
0.397400
-0.696411
0.615936
-0.978027
0.537445
-0.228241
-0.423584
-0.751709
-0.822021
0.506042
-0.814331
0.076233
-0.205017
0.662201
0.459137
0.654449
0.974792
0.506134
0.490662
0.529846
-0.329468
-0.868530
-0.712250
0.037781
0.280060
-0.196381
0.327118
-0.985352
-0.321320
0.084808
-0.282532
0.318848
-0.134491
-0.634644
-0.009766
0.771423
0.333954
0.896545
0.154480
0.928040
0.396881
-0.634277
0.584595
0.655060
0.389587
0.131866
-0.571167
0.991394
0.514893
-0.977264
0.577393
0.803864
0.741241
0.256775
-0.149536
0.975494
-0.586945
-0.883728
0.405396
-0.203888
0.483673
-0.094391
0.960358
0.163574
-0.430115
0.171509
0.288696
0.296448
-0.883331
0.413483
-0.961517
0.561981
0.382324
-0.062988
0.108826
-0.555328
-0.539764
-0.203888
-0.407043
-0.063385
0.803711
-0.758820
0.100586
-0.321198
0.975739
0.350739
-0.071136
-0.071136
0.007080
-0.445953
0.382233
0.022949
0.546417
0.358948
0.296478
0.601257
-0.687714
-0.000153
0.960785
-0.843903
0.210724
-0.109680
-0.640991
-0.914429
-0.187805
0.523163
-0.953339
-0.968933
-0.117279
-0.640594
-0.570160
0.226807
-0.523163
-0.241943
-0.257599
0.257965
0.859497
-0.484314
-0.781250
-0.507874
-0.085999
-0.734406
0.968811
-0.648315
-0.054535
-0.984192
-0.820068
0.328461
-0.069946
0.617523
0.828400
-0.609161
0.578308
-0.726410
-0.796783
0.148499
-0.703094
0.085938
0.492188
-0.718781
0.671875
0.859436
0.437622
0.140808
0.765839
0.468994
-0.530945
-0.187134
-0.538605
0.773987
-0.522797
0.422577
0.406982
0.141327
-0.804016
-0.702515
0.602112
-0.522949
-0.054260
0.531616
0.367523
-0.734070
-0.945007
0.539368
0.851868
-0.484070
0.070679
-0.296448
0.469238
0.031769
-0.851044
-0.147919
-0.913574
-0.968292
-0.413666
-0.163635
-0.155823
0.812958
-0.968262
0.859863
0.039551
-0.702637
-0.819824
0.086395
0.547272
0.234741
-0.523132
-0.484100
0.453400
0.180023
0.148804
-0.523071
-0.944946
-0.655945
-0.820038
0.383057
0.172119
0.758087
-0.788757
0.937836
0.672211
-0.734100
-0.648193
0.726776
-0.382629
-0.335724
0.687775
0.664398
-0.429321
0.344116
-0.054352
0.086212
-0.671661
0.586121
0.750153
0.859558
-0.210724
0.359619
-0.070068
0.390869
-0.374756
-0.452911
0.312683
0.234528
-0.976440
0.937622
0.562622
0.242310
0.117340
-0.281097
-0.445160
0.398590
0.047028
-0.374847
0.914215
0.445465
-0.156097
0.414185
0.320404
-0.867126
0.414124
-0.953094
-0.984344
-0.703125
-0.523438
-0.953125
-0.843719
-0.109314
-0.156189
-0.804626
0.750061
0.429749
-0.101501
0.406311
0.570343
0.406281
0.867249
0.304749
0.500061
0.953156
0.960968
-0.359375
0.171875
-0.304718
0.960876
0.812439
0.804626
-0.367249
0.539001
0.187439
-0.500061
0.328064
-0.828186
0.249939
0.562439
-0.210968
-0.125031
0.320282
0.484344
-0.109406
-0.195343
