0.549103
0.047974
0.679688
0.541687
0.909576
0.000488
0.007812
0.000031
0.005707
0.394531
0.023438
0.000732
0.909210
0.046875
0.992188
-0.640625
0.133057
0.906586
-0.530151
0.885834
0.706940
-0.238525
0.870880
0.456879
0.519073
0.050659
0.079254
-0.714508
0.777863
-0.902039
0.988770
0.954620
0.363190
-0.176361
-0.230530
-0.717407
-0.510773
-0.902100
0.879242
-0.471832
0.052185
0.957397
-0.238037
-0.050171
-0.906433
0.292419
-0.699432
-0.488983
-0.796692
-0.885925
0.512085
0.738586
-0.214355
0.240936
-0.280151
0.915771
-0.233032
-0.655945
-0.086487
-0.548004
-0.306610
0.349060
-0.073608
0.605804
0.496429
0.301117
0.754272
0.504181
0.170105
0.984894
-0.600769
0.116760
0.833344
0.754150
0.082428
0.691711
0.879272
0.582367
0.801147
0.825317
-0.033386
0.599884
-0.844788
-0.117889
0.491241
-0.142792
0.293304
0.801117
-0.792664
-0.659363
0.858124
0.671814
-0.726410
-0.492584
0.365692
0.669312
0.231049
0.941895
0.997040
-0.588196
-0.493958
-0.024963
-0.970154
-0.970184
-0.775024
0.349640
0.169861
-0.634338
-0.461456
-0.483917
-0.874268
-0.218475
0.976135
-0.274323
-0.665131
0.827026
0.256897
-0.898804
-0.858917
0.633820
-0.811707
-0.578156
-0.196014
0.764954
-0.484528
0.109589
-0.585724
0.578369
0.547516
-0.748840
0.954254
-0.655731
0.288971
0.437408
0.531525
-0.210419
0.414490
-0.499634
0.961700
0.735901
-0.701141
0.626740
0.188477
0.054993
0.507843
0.578186
-0.640472
0.750397
0.430542
-0.998505
0.392487
0.150177
-0.756500
0.626099
0.891846
-0.959534
-0.287720
-0.077118
0.328888
-0.866302
0.845001
0.782776
0.095245
0.415283
0.993225
-0.577148
0.946289
0.719696
-0.795898
0.009033
0.438995
0.548462
0.266876
0.149231
-0.061859
0.743134
0.134216
-0.693756
0.391907
-0.967804
0.250824
0.227448
0.493103
0.118073
0.532166
0.985596
-0.123322
0.501892
0.282898
0.876160
0.758636
-0.819489
-0.999115
-0.085144
-0.538452
0.547607
-0.897217
0.517334
0.658051
0.110870
0.594879
0.250946
-0.194427
-0.827484
0.289337
-0.999908
-0.655884
0.032104
0.868347
0.657318
0.875793
0.305359
-0.819550
0.797729
-0.546082
-0.030640
0.820892
0.813232
-0.483398
0.461975
0.899353
0.469543
0.680481
0.063324
0.906982
-0.858856
-0.116760
-0.218140
-0.342865
0.313477
-0.038269
-0.749390
-0.202515
0.094513
0.024231
-0.069702
-0.569977
-0.570129
-0.460754
0.320465
0.351532
0.187317
-0.078217
0.804871
0.633179
0.984619
-0.289032
-0.359314
-0.726257
-0.616791
0.843903
-0.468903
0.257690
0.461151
0.867676
-0.015198
0.937744
0.140900
0.000488
0.141205
-0.757477
-0.593719
0.359406
0.469086
0.992737
0.367706
0.312836
0.148743
0.719147
0.055176
0.633179
-0.023193
-0.468445
0.883301
-0.780609
0.391174
-0.265259
0.836243
-0.679291
-0.054169
0.734894
0.695831
-0.061951
0.805298
-0.585358
0.203613
0.547333
-0.124512
0.063019
-0.421356
-0.085449
-0.530731
0.156860
-0.093079
0.789764
-0.085266
-0.249359
-0.936920
-0.976135
0.890930
0.742493
-0.726166
0.047302
-0.562134
0.523773
-0.788666
-0.874573
-0.390320
-0.851440
0.546875
-0.179626
0.929840
0.109528
0.773590
0.617401
0.039429
0.125458
-0.023071
-0.429474
-0.921692
-0.577820
-0.273010
-0.640259
0.367462
-0.984100
0.500427
-0.069824
0.398743
0.796936
0.601562
0.867371
0.265900
-0.202942
-0.476562
-0.898468
-0.765533
-0.202972
-0.929626
0.765564
-0.078186
0.109436
-0.976410
0.328156
0.538971
-0.070404
0.210968
-0.804596
-0.023438
-0.187683
-0.398682
0.421661
0.077942
-0.093994
-0.367554
-0.992584
-0.508148
0.570038
-0.437775
-0.812775
0.585663
-0.445526
0.499847
0.976379
-0.719025
-0.320648
-0.258148
-0.453339
-0.570435
0.898285
0.140411
-0.078339
-0.031372
-0.101685
-0.445557
-0.055054
0.319977
-0.742401
-0.859558
0.476257
0.257385
-0.898804
-0.125244
0.515472
0.859161
-0.812775
-0.859558
-0.023529
0.617126
0.812347
-0.359589
0.624786
0.679535
0.976379
-0.172211
0.655731
0.460358
0.343231
0.257324
-0.734894
-0.258392
-0.109955
0.897888
0.600983
0.741486
0.866364
-0.586761
0.530548
0.343140
-0.102173
0.725922
0.741577
-0.539612
0.858856
-0.922455
-0.938171
-0.750671
-0.953705
0.960388
0.843170
0.100952
0.280701
-0.297333
0.530853
0.319855
0.304169
-0.117706
-0.945801
0.655792
0.335449
0.687012
0.444885
0.827789
-0.359711
-0.039490
0.983856
0.249512
0.202728
0.109039
-0.164398
0.538696
0.694946
-0.594116
0.062073
0.038544
-0.031860
0.038452
0.796326
0.608826
0.913544
-0.867676
0.788635
0.007477
0.124725
0.531006
-0.836151
0.929504
-0.640808
-0.554871
0.859161
-0.289246
-0.539215
-0.062622
0.218689
0.664093
0.914124
0.039093
0.234406
0.945343
0.140625
0.195282
-0.500031
-0.734344
-0.953003
-0.913910
0.468903
0.929871
0.742432
-0.749664
0.555023
-0.405914
0.922180
0.344055
-0.710602
0.304993
0.875305
0.828430
-0.530853
-0.765167
-0.460480
-0.530823
-0.468353
-0.804291
0.258209
0.453491
-0.148102
-0.898132
0.476868
-0.421539
0.289368
0.273682
0.734589
-0.538849
-0.577942
-0.437347
-0.421753
-0.296783
0.781372
-0.429565
-0.085815
0.125122
0.781403
-0.398315
-0.601471
