0.549103
0.047974
0.679688
0.541687
0.909576
0.000488
0.007812
0.000031
0.005707
0.394531
0.023438
0.000732
0.909210
0.046875
-0.828125
0.296906
0.906281
0.414032
0.414001
-0.429810
0.218536
0.929474
-0.109558
-0.812531
0.929962
-0.671204
-0.795654
-0.833954
-0.168671
-0.527405
0.003723
0.613159
0.675629
0.175659
-0.957214
-0.872009
0.674255
0.322479
-0.919800
-0.349518
-0.857513
0.212616
-0.537628
-0.936340
-0.702271
-0.538422
0.367889
0.329132
0.665466
0.033142
-0.122772
-0.153992
-0.857361
-0.373444
-0.827118
-0.429199
0.484528
-0.648407
0.218781
0.749969
-0.179993
-0.805267
0.694550
-0.610291
0.811523
0.217773
0.749023
0.116302
0.475922
-0.859680
0.093658
-0.039093
0.788818
-0.320923
0.788147
0.092651
0.100372
0.459747
-0.149658
-0.454468
-0.204712
-0.869019
0.271362
0.724274
-0.916443
-0.205475
-0.916321
0.661987
-0.150299
-0.103180
0.178345
-0.157440
0.998840
0.147186
0.771973
0.881104
-0.369080
0.865143
0.583801
-0.728851
-0.713379
-0.213531
0.950439
0.739471
0.567596
0.505157
0.130249
-0.244598
-0.861633
0.630676
0.037048
0.458984
0.873077
-0.259674
0.365448
-0.587524
0.295410
0.295502
0.014282
-0.446625
0.279907
-0.845184
0.092194
0.115509
0.599823
-0.915771
-0.087616
-0.978271
-0.931458
0.115326
0.271515
0.716797
0.873047
-0.509705
-0.493988
-0.970398
0.100067
0.342377
-0.313843
0.584595
-0.821594
-0.884003
-0.594818
-0.586853
0.061676
-0.352325
-0.063232
0.663330
-0.813263
-0.672699
-0.047729
-0.930603
0.545959
-0.500885
0.147644
-0.571014
-0.352112
-0.422302
0.241913
0.156128
-0.843781
0.304718
0.523499
0.375092
0.265686
0.578186
0.484375
-0.078186
-0.695465
0.843536
-0.640900
-0.953461
-0.648834
0.421478
0.804321
-0.226868
0.046692
-0.250061
-0.703064
-0.210724
-0.507416
0.172485
-0.796112
0.329041
-0.991150
-0.342651
-0.873901
0.446381
0.180664
-0.842896
0.156982
-0.679077
0.227081
-0.116760
0.578461
-0.085693
0.500214
0.929901
0.789307
0.617493
-0.866791
-0.351044
-0.952454
-0.280426
-0.702148
0.336975
-0.373901
-0.233276
-0.873901
-0.202026
-0.795776
0.407379
0.235565
-0.131561
-0.740875
0.470123
0.524811
0.509186
-0.733032
0.040375
-0.428406
-0.608093
-0.131531
0.579437
0.376343
0.087311
0.266998
-0.279877
-0.217407
-0.889313
-0.990936
0.469971
0.118378
-0.772217
0.345032
0.212311
0.126434
-0.107910
0.243683
-0.232880
0.063995
-0.170349
-0.912537
0.392151
0.782776
-0.021942
0.470215
-0.373566
-0.389221
-0.506470
-0.100281
-0.467499
-0.897247
-0.053497
-0.311340
0.774597
-0.920746
-0.889526
-0.491089
-0.920776
-0.147308
-0.490997
0.610626
0.516937
-0.162659
-0.717316
0.056152
-0.943848
-0.920441
-0.295471
-0.373688
0.079376
0.837097
0.344849
0.422913
0.672821
-0.506927
0.336761
-0.053925
-0.186768
-0.046173
-0.889923
-0.108673
-0.491455
0.477325
0.610168
0.594543
0.305450
0.875732
0.344452
0.422516
-0.155640
-0.061951
0.094269
-0.757324
-0.030792
-0.460510
0.711365
-0.030823
-0.921417
-0.757324
-0.327637
0.563019
-0.546356
0.922394
-0.061981
0.328674
0.899017
0.188110
-0.772797
0.922546
-0.304016
0.711639
-0.811798
-0.936829
-0.093109
-0.718140
0.930267
0.508362
0.102081
-0.874512
-0.804260
-0.202728
-0.890289
-0.601257
-0.804413
0.531494
-0.054474
0.273590
-0.554535
0.992310
0.539185
-0.718628
0.797028
-0.992035
-0.007660
-0.288940
-0.328033
-0.093689
-0.523438
0.835907
0.242096
-0.257935
-0.703308
-0.015808
-0.789246
-0.320496
0.952972
-0.586060
0.007690
0.695221
0.156158
-0.765717
0.140503
0.452972
0.406067
-0.929871
0.343536
0.398193
0.437225
-0.312775
-0.812775
-0.242432
-0.359619
0.374786
-0.070496
-0.906433
0.179504
0.601379
-0.132996
0.210754
0.718567
0.241974
0.788788
-0.929993
-0.406616
-0.476959
0.296417
0.960449
-0.852112
0.116608
0.218109
-0.469452
0.882080
0.530518
-0.110107
0.366486
0.272766
0.507172
0.968140
0.686920
-0.555206
-0.602081
-0.023956
0.163544
-0.695831
-0.383331
-0.859924
0.944733
0.585327
-0.938171
-0.750671
0.733673
-0.485046
-0.953796
-0.883484
-0.102203
0.866547
-0.477234
0.788391
-0.164734
-0.031921
0.507141
0.194641
0.913391
0.764984
-0.492798
-0.984955
-0.922424
-0.516174
0.929138
-0.422424
-0.172455
-0.391205
-0.891205
-0.930237
0.858856
-0.930206
-0.031769
-0.258362
0.249451
0.233795
0.171295
-0.320862
-0.516144
0.476044
0.507294
-0.453644
0.140076
-0.484985
-0.500610
-0.149048
0.233765
-0.258362
0.936981
-0.203613
-0.828613
0.272949
-0.617676
-0.992706
-0.117706
-0.609894
-0.930206
-0.867676
0.491730
-0.547302
-0.914490
-0.453552
0.194885
0.507385
0.116760
0.444885
-0.336395
0.616730
0.647980
0.585510
-0.219177
0.523010
0.226135
-0.969147
0.562164
-0.179993
-0.086212
-0.703369
-0.593964
-0.000214
0.460724
0.624756
-0.086182
0.429413
-0.601868
0.671539
-0.273773
0.507477
0.405945
0.234070
0.327850
-0.148712
-0.531525
0.437256
0.546631
0.734192
0.124847
-0.109467
0.664001
0.562500
0.406281
0.437531
0.140686
-0.890594
-0.359344
0.125031
-0.367157
0.257843
-0.585907
-0.359375
0.656250
-0.882843
-0.164093
0.390564
0.609314
0.070251
0.859314
